0,0,1,2,6,10,15,10,5,0,3,6,10,7,5,3,0,0,0,0,1,2,3,2,1,0,1,2,4,3,3,3,0,0,0,0,0,0,0,2,4,6,4,2,0,0,1,2,2,1,0,0,0,0,0,2,4,7,4,2,0,0,0,1,1,0,0,0,1,2,4,2,1,0,0,0,0,1,2,4,0,0,0,0,1,2,4,2,1,0,0,0,0,2,5,8,0,0,1,2,1,0,0,0,0,0,0,0,0,2,4,6,0,2,5,8,5,2,0,1,3,5,3,1,0,0,0,1,5,3,1,0,4,8,12,8,4,0,0,0,0,16,32,48,0,5,10,16,10,5,0,0,0,0,1,2,4,39,74,110,0,0,1,2,1,0,0,0,0,0,20,40,60,51,42,34,5,3,1,0,3,7,11,7,3,0,29,58,88,59,31,3,1,4,7,11,7,3,0,0,0,0,0,0,0,0,0,0,0,1,3,5,3,1,0,8,16,24,16,8,0,4,9,14,10,7,4,2,1,0,0,1,2,3,2,1,0,0,0,0,0,4,9,14,9,4,0,0,0,0,2,5,8,5,3,1
3,2,1,0,0,0,0,1,2,4,3,2,1,1,1,2,0,0,0,0,2,4,7,4,2,0,0,0,0,0,0,0,0,0,0,0,0,0,0,1,3,5,4,3,2,2,3,4,14,9,4,0,0,0,0,1,2,3,2,1,0,0,0,0,0,0,0,0,1,2,4,2,1,0,0,0,0,1,3,5,0,0,0,1,2,4,6,4,2,0,2,4,6,18,31,44,2,2,2,3,2,1,0,0,0,0,0,0,1,9,17,25,5,3,1,0,0,0,1,2,3,5,3,1,0,4,8,12,0,3,6,10,6,3,0,0,0,0,6,12,19,40,61,83,10,6,3,0,6,12,19,12,6,0,26,52,79,61,43,26,4,4,4,4,2,1,0,3,6,10,15,20,25,45,65,86,0,5,11,17,14,11,8,5,2,0,0,0,0,9,19,29,0,0,0,0,5,11,17,11,5,0,8,16,25,16,8,0,11,8,5,3,2,1,0,3,6,9,6,3,0,0,0,0,0,0,0,0,0,1,2,2,3,4,4,4,4,5,6,8,7,4,2,0,0,0,0,0,0,0,0,0,0,0,0,0
0,5,11,17,11,5,0,3,6,9,9,9,10,6,3,0,2,3,4,5,3,1,0,0,0,0,0,0,0,6,12,18,0,0,0,0,2,4,7,5,3,1,2,3,4,4,4,5,3,2,1,0,0,0,0,0,0,0,4,8,12,8,4,0,0,0,1,2,1,0,0,0,0,0,1,2,3,22,42,62,0,0,0,0,3,6,9,6,3,0,0,0,0,55,110,165,9,6,3,0,1,2,3,2,1,0,6,13,20,94,168,243,0,0,0,0,0,1,2,4,6,9,36,63,90,144,198,252,0,1,2,4,5,7,9,6,3,0,61,123,185,208,231,255,3,2,1,0,0,0,0,11,23,35,108,181,254,240,226,213,0,1,3,5,5,5,6,42,78,114,157,201,245,177,109,41,0,0,0,0,1,3,5,68,132,196,206,217,228,153,79,5,0,7,14,21,14,7,0,2,5,8,5,2,0,0,0,0,3,2,1,0,0,0,0,2,4,7,6,5,4,7,10,13,8,5,2,0,0,0,0,0,0,0,0,0,0,4,8,13,0,2,4,6,4,2,0,5,10,16,10,5,0,0,0,0
0,4,8,12,11,11,11,7,3,0,0,0,0,0,0,0,15,10,5,0,0,0,0,0,1,2,7,12,17,11,5,0,0,4,8,12,14,17,20,15,10,6,4,2,0,0,0,0,1,0,0,0,0,0,0,1,2,3,3,4,5,4,3,3,0,1,2,4,4,5,6,4,2,0,0,0,0,15,31,47,1,3,6,9,6,4,2,1,0,0,9,18,28,63,99,135,0,0,0,0,3,6,9,9,9,9,6,3,0,0,0,0,3,2,1,0,0,0,1,0,0,0,5,10,15,50,85,120,0,2,5,8,6,5,4,2,1,0,32,64,97,149,202,255,0,0,0,0,0,0,0,1,2,3,38,73,109,155,201,248,0,0,1,2,1,0,0,0,0,0,18,36,55,104,154,204,0,1,2,3,5,7,10,6,3,0,0,0,0,6,12,19,2,1,0,0,0,0,0,0,0,0,1,2,4,4,4,5,0,0,0,1,2,3,5,4,4,4,2,1,0,0,0,0,4,3,2,2,1,0,0,1,2,3,3,3,3,4,5,7,1,2,3,5,3,1,0,0,0,0,0,0,0,3,6,10
13,8,4,0,0,0,0,3,6,9,6,3,0,0,0,0,0,0,0,1,5,10,15,10,6,2,1,0,0,1,2,3,0,4,8,12,8,4,1,0,0,0,0,0,0,1,2,4,2,1,1,1,0,0,0,2,5,8,10,12,14,9,4,0,6,4,2,0,0,0,0,0,0,0,0,0,0,6,13,20,0,0,1,2,4,6,9,7,5,3,2,1,0,25,50,75,5,5,5,6,4,2,0,0,0,0,1,2,3,62,122,182,0,0,0,0,0,0,0,0,0,1,8,16,24,99,175,251,0,0,0,0,0,0,0,1,2,3,35,68,101,152,203,255,0,6,13,20,13,6,0,0,0,0,70,140,210,217,225,233,2,1,0,0,0,0,0,8,17,26,102,178,255,217,180,143,11,7,3,0,0,0,0,47,94,141,176,211,247,182,118,54,0,0,0,0,5,10,16,13,11,9,6,3,0,3,7,11,4,3,3,3,2,1,0,0,0,0,1,2,4,2,1,0,0,0,0,0,5,10,16,12,8,5,5,5,6,7,8,10,4,2,1,0,0,0,0,4,8,13,8,4,0,0,0,0
0,2,5,8,6,4,3,2,1,1,3,5,7,4,2,0,0,1,2,3,2,1,0,0,0,0,0,1,2,1,0,0,2,1,0,0,0,0,0,0,0,0,0,0,1,2,3,4,0,1,2,4,7,10,14,14,15,16,10,5,0,1,3,5,13,8,4,0,0,0,0,0,0,0,0,0,0,12,24,36,0,7,15,23,21,20,19,12,6,0,12,24,36,96,156,216,14,9,4,0,0,0,0,3,6,9,14,20,26,53,81,109,0,0,0,0,3,6,9,6,3,0,1,2,4,55,106,157,0,2,4,7,4,2,0,0,0,0,45,90,135,175,215,255,0,8,16,25,16,8,0,0,0,0,53,106,160,186,213,240,5,3,1,0,0,0,0,2,4,6,23,40,58,120,183,246,8,5,2,0,0,1,2,3,4,6,4,2,0,7,14,21,0,5,10,15,10,5,0,0,0,0,1,3,5,3,1,0,0,0,0,0,1,3,5,6,8,10,6,3,0,3,6,10,14,9,4,0,0,0,0,0,0,0,3,7,11,7,3,0,0,1,2,4,8,12,16,10,5,0,0,0,0,1,3,5
3,2,1,0,3,7,11,9,7,5,4,3,3,2,1,0,5,3,1,0,0,0,0,0,0,0,0,0,0,0,1,2,0,4,8,12,8,4,0,0,0,1,0,0,0,2,4,7,0,3,7,11,7,3,0,2,4,6,4,3,2,2,3,4,2,3,4,5,3,1,0,0,0,0,0,0,0,0,0,0,4,2,1,0,0,0,0,0,0,0,0,1,2,1,0,0,0,0,0,0,1,2,4,4,4,5,5,5,6,5,5,5,0,0,0,0,0,0,0,0,0,0,1,2,3,12,21,30,0,0,1,2,2,2,2,1,1,1,1,1,1,48,96,144,11,8,5,2,1,0,0,2,4,6,4,2,0,78,156,234,0,0,0,0,0,0,0,0,0,0,38,76,114,147,180,213,0,3,6,10,12,14,16,10,5,0,55,111,167,155,144,133,0,0,0,0,0,0,0,0,0,0,0,0,0,0,0,0,8,5,2,0,1,2,4,7,11,15,10,5,0,7,14,21,1,1,1,1,1,1,1,0,0,0,1,2,4,4,5,6,0,2,5,8,5,2,0,3,7,11,9,7,5,3,1,0
0,2,4,7,4,2,0,1,2,3,3,3,3,2,1,0,0,1,2,3,7,11,16,10,5,0,0,0,0,5,10,16,19,12,6,0,0,0,0,3,6,10,7,5,3,2,1,0,0,1,2,4,7,10,13,8,4,0,0,0,0,0,0,0,9,7,6,5,3,1,0,1,2,3,2,1,0,8,16,24,0,2,5,8,5,3,1,0,0,0,2,4,7,70,134,198,10,6,3,0,0,0,0,1,2,4,2,1,0,34,69,104,0,0,0,0,2,5,8,5,2,0,2,4,7,26,46,66,7,4,2,0,2,4,7,4,2,0,24,48,73,122,171,221,0,1,2,4,2,1,0,6,12,19,58,98,138,150,162,174,6,4,2,0,1,2,3,2,1,0,10,21,32,85,138,192,0,0,0,0,2,4,6,5,4,3,2,1,0,6,13,20,1,2,3,4,2,1,0,1,2,4,10,17,24,17,10,4,11,7,3,0,1,2,3,3,3,4,2,1,0,1,2,3,0,0,0,1,2,3,4,3,2,2,1,0,0,0,0,0,1,0,0,0,0,0,0,0,0,0,2,5,8,7,6,5
1,1,1,2,1,0,0,0,0,0,1,2,4,4,4,5,0,3,6,10,6,3,0,5,11,17,11,5,0,0,0,0,0,3,6,10,12,14,17,11,5,0,3,6,10,8,6,5,6,4,2,0,0,0,0,1,2,4,2,1,0,0,0,0,0,0,0,0,0,0,0,6,13,20,13,6,0,2,4,6,0,3,6,10,7,4,1,0,0,0,4,8,12,8,4,0,5,7,9,11,7,3,0,4,8,12,8,4,0,0,0,0,0,0,0,0,2,4,6,8,10,12,8,4,0,38,76,114,2,1,0,0,4,8,13,8,4,0,5,10,16,86,157,228,0,0,0,0,2,4,6,4,2,0,51,103,155,153,151,149,4,2,1,0,2,4,6,25,44,64,107,150,193,128,64,0,19,12,6,0,0,0,0,62,124,187,143,100,57,38,19,0,0,2,4,7,4,2,0,1,3,5,8,12,16,10,5,0,10,8,6,4,2,1,0,0,0,0,0,0,0,6,12,18,2,1,0,0,3,6,9,6,3,0,5,10,16,10,5,0,0,3,7,11,7,3,0,0,0,0,0,0,0,0,0,0
0,1,3,5,3,1,0,0,0,0,2,4,6,5,4,3,0,2,5,8,5,2,0,3,7,11,9,8,7,4,2,0,2,1,0,0,7,14,22,15,8,1,0,0,0,4,9,14,0,0,1,2,2,2,3,2,1,0,0,0,0,1,3,5,1,3,6,9,6,3,0,0,0,0,3,6,9,6,3,0,2,1,0,0,2,4,6,4,2,0,0,0,0,0,0,0,0,7,14,22,14,7,0,3,7,11,7,3,0,4,8,13,2,3,4,5,3,1,0,0,0,0,2,5,8,36,65,94,0,0,0,0,2,4,7,6,5,5,3,1,0,56,113,170,5,3,2,1,1,2,3,2,1,0,0,0,0,45,90,136,0,0,0,1,3,5,7,7,7,8,5,2,0,2,4,6,10,6,3,0,0,0,0,0,0,0,0,1,2,1,0,0,0,0,0,0,1,2,3,4,6,8,5,2,0,0,0,0,1,1,1,2,2,3,4,2,1,0,0,0,0,3,7,11,0,0,0,0,0,0,0,1,2,3,3,3,3,5,8,11,0,1,3,5,3,1,0,0,0,0,1,2,3,2,1,0
7,4,2,0,4,8,13,8,4,0,3,6,9,6,3,0,1,1,1,2,1,0,0,0,0,0,0,0,0,2,5,8,0,2,5,8,5,2,0,3,6,10,7,4,1,0,0,0,6,4,2,0,0,0,1,1,1,1,1,2,3,7,11,16,4,2,1,0,2,4,6,4,2,0,0,0,0,33,66,99,0,0,0,1,1,1,1,1,1,2,1,0,0,63,126,189,3,5,7,10,6,3,0,0,0,0,10,20,31,105,179,253,0,0,0,0,2,4,7,5,3,2,35,68,101,152,203,255,0,5,11,17,13,9,5,3,1,0,65,130,195,213,232,251,0,2,5,8,5,2,0,18,36,55,121,188,255,255,255,255,4,2,1,0,2,5,8,46,84,123,160,197,235,192,150,108,7,4,2,0,3,6,10,77,144,212,226,240,255,186,118,50,0,0,0,0,0,0,0,0,0,0,0,0,1,2,3,4,0,2,5,8,5,2,0,4,9,14,12,10,9,6,3,0,0,0,0,0,3,6,10,6,3,0,0,0,0,2,4,7,4,4,4,5,3,1,0,2,4,7,6,6,6,4,2,0
0,1,3,5,5,5,5,3,1,0,1,2,3,2,1,0,2,3,4,5,3,1,0,0,0,0,0,0,0,2,5,8,3,2,1,0,0,0,0,0,0,1,2,3,4,3,2,1,0,1,3,5,6,7,9,9,10,11,7,3,0,0,0,0,11,9,8,7,4,2,0,0,0,0,0,0,0,23,46,69,0,6,13,20,16,12,9,6,3,0,0,0,1,52,103,154,26,17,8,0,0,0,0,7,15,23,15,7,0,2,4,7,0,3,6,9,6,3,0,1,2,3,6,9,12,61,110,160,1,0,0,0,0,0,0,0,1,2,34,66,99,151,203,255,0,0,0,0,0,0,0,5,10,16,46,76,106,155,205,255,0,2,5,8,5,2,0,0,0,0,20,40,60,110,161,212,0,6,12,19,13,8,3,2,1,0,0,0,0,3,7,11,0,2,4,6,4,2,0,1,2,3,2,1,1,4,7,10,0,0,1,2,1,0,0,2,4,7,5,4,3,2,1,0,0,0,0,0,1,3,5,3,1,0,0,0,0,0,0,0,6,4,2,0,0,1,2,1,0,0,1,2,4,6,8,10
11,7,3,0,0,0,1,3,5,8,5,2,0,0,0,0,0,0,0,0,3,6,10,6,3,0,3,7,11,11,12,13,10,7,4,1,2,3,5,4,3,2,1,0,0,0,0,0,0,0,0,0,0,0,0,4,9,14,9,4,0,0,0,0,0,0,0,0,3,6,9,6,3,0,1,2,3,9,15,21,10,7,4,2,4,6,8,5,3,1,0,0,0,0,0,0,0,0,0,0,0,0,0,2,5,8,5,2,0,0,0,0,0,1,2,4,6,8,11,7,3,0,3,6,10,27,44,61,0,6,12,18,12,6,0,0,0,1,1,1,2,53,105,157,0,0,0,0,2,4,7,6,6,6,7,9,11,60,109,159,14,9,4,0,0,0,0,2,5,8,45,82,119,108,98,88,0,0,0,0,0,0,0,5,11,17,67,117,168,112,56,0,6,7,8,10,7,5,3,2,1,0,8,16,24,16,8,0,0,0,0,0,3,6,9,9,9,9,6,3,0,7,14,21,17,11,5,0,0,0,0,1,3,5,3,1,0,0,0,0,0,0,0,0,1,3,5,5,5,5,3,1,0,4,8,12
6,4,2,0,0,0,0,1,2,4,4,4,5,3,1,0,0,1,2,4,5,6,7,4,2,0,0,0,0,0,0,1,3,3,3,4,2,1,0,0,0,0,0,0,0,3,6,9,3,2,1,0,0,0,0,3,6,9,8,7,6,4,2,0,1,0,0,0,0,0,1,1,1,2,1,0,0,0,0,0,0,0,1,2,1,0,0,0,0,0,0,0,0,5,11,17,0,0,0,0,1,2,4,5,6,8,8,8,9,8,7,6,7,4,2,0,0,0,0,0,0,0,0,0,0,0,1,2,0,0,0,1,0,0,0,0,0,0,0,0,0,20,41,62,21,14,7,0,2,4,6,9,12,16,10,5,0,36,72,108,0,6,12,18,12,6,0,0,0,0,1,3,5,9,14,19,0,0,0,0,5,11,17,12,8,4,2,1,0,4,9,14,10,10,10,11,7,3,0,1,2,4,3,2,2,2,2,2,0,0,0,0,2,5,8,5,2,0,4,8,12,8,4,0,12,9,6,3,2,1,0,1,2,4,2,1,0,6,12,19,0,0,0,0,3,6,10,6,3,0,0,0,0,0,0,0
8,5,2,0,0,0,1,0,0,0,1,2,3,2,1,0,5,3,1,0,0,0,0,0,0,0,1,3,5,3,1,0,0,0,0,1,1,2,3,3,3,4,4,4,5,3,1,0,0,0,1,2,2,2,3,4,5,6,4,2,1,1,1,2,7,4,2,0,0,0,0,0,0,0,0,0,0,3,7,11,8,5,2,0,0,0,0,0,1,2,1,0,0,5,11,17,2,1,0,0,2,4,6,4,3,2,1,0,0,27,54,81,0,1,3,5,3,2,1,0,0,0,0,0,0,59,118,178,0,3,6,9,6,3,0,0,0,0,0,0,0,81,162,244,3,2,1,0,6,13,20,13,6,0,22,44,66,114,162,210,8,6,4,2,1,0,0,2,5,8,50,93,136,143,151,159,0,2,4,6,4,2,0,29,59,89,133,177,222,213,204,196,0,1,2,3,4,5,7,6,5,5,3,1,0,0,0,0,12,8,5,2,1,0,0,0,0,0,0,0,0,0,0,0,0,3,6,9,6,3,0,2,4,6,8,11,14,9,4,0,0,0,0,1,3,5,7,4,2,0,0,0,0,2,4,7
5,3,1,0,2,5,8,5,2,0,0,0,0,3,6,9,0,4,8,12,8,4,0,3,6,9,6,3,0,0,0,0,0,2,4,6,4,2,0,0,0,0,3,6,9,7,6,5,2,1,0,0,0,1,2,2,2,3,2,1,0,0,0,0,0,7,14,22,14,7,0,0,0,0,3,6,9,51,94,137,0,0,0,0,2,4,6,11,16,21,14,7,0,81,162,243,7,5,3,1,2,4,6,4,2,0,1,2,4,13,22,31,2,1,1,1,0,0,0,6,12,19,30,41,53,117,181,245,0,3,6,10,7,5,3,2,1,0,33,67,101,150,199,249,9,6,3,0,1,2,4,5,6,7,6,5,5,72,139,206,5,3,1,0,0,0,0,5,10,16,14,12,10,6,3,0,4,2,1,0,0,0,1,0,0,0,0,1,2,1,0,0,0,0,0,0,5,10,16,11,6,1,0,0,0,8,17,26,5,9,13,18,12,6,0,0,0,0,0,0,0,0,0,0,0,2,4,6,4,2,0,5,10,16,10,5,0,0,0,0,1,1,2,3,2,1,0,0,0,0,3,7,11,7,4,1
0,2,5,8,5,2,0,2,4,6,6,6,7,10,13,17,0,0,0,0,0,1,2,1,0,0,0,0,0,0,0,0,11,7,3,0,0,0,0,0,1,2,5,8,11,10,9,8,0,1,2,3,2,1,1,0,0,0,0,0,0,2,4,7,0,3,6,9,6,3,0,0,0,0,1,3,5,3,1,0,5,6,7,9,6,3,0,0,0,0,7,14,22,14,7,0,0,0,1,2,1,0,0,0,0,0,0,0,0,0,0,0,3,2,1,0,0,0,0,1,3,5,4,3,3,22,41,61,0,1,2,3,2,1,0,1,2,3,6,9,12,58,104,150,0,0,0,0,6,13,20,13,6,0,0,0,0,76,152,229,5,3,1,0,0,0,1,1,1,1,28,56,84,141,198,255,0,6,13,20,13,6,0,0,0,0,56,112,168,181,194,207,10,6,3,0,1,2,4,2,1,0,0,0,0,0,0,0,0,0,0,0,0,1,2,3,5,7,7,7,7,4,2,0,3,3,4,5,3,1,0,0,0,0,0,0,0,0,1,2,0,4,8,12,8,4,0,0,0,0,4,8,13,8,4,0
1,2,3,4,3,2,1,2,3,4,2,1,0,3,6,9,0,0,0,0,3,6,9,6,3,0,0,0,0,2,5,8,11,7,3,0,2,4,6,4,2,0,3,7,11,7,4,1,0,1,3,5,3,1,0,0,0,0,2,4,6,4,2,0,0,5,11,17,12,8,4,2,1,0,0,0,0,31,63,95,8,5,2,0,0,1,2,8,14,20,40,60,81,110,139,168,17,11,5,0,3,6,10,6,3,0,0,0,0,7,15,23,0,3,6,9,6,3,0,0,0,0,4,9,14,21,28,35,0,2,5,8,5,2,0,0,0,0,17,35,53,117,181,245,2,8,14,20,13,6,0,0,0,0,39,79,119,156,194,232,0,0,0,0,3,6,9,6,3,0,6,12,19,83,147,211,6,8,10,13,8,4,0,2,4,6,7,8,9,6,3,0,2,1,0,0,6,12,18,12,6,0,0,0,0,5,11,17,0,0,0,0,1,2,4,3,2,2,2,2,2,1,0,0,2,4,6,9,6,3,0,4,8,12,8,4,0,0,0,0,2,1,0,0,2,4,6,4,2,0,1,2,3,7,12,17
0,0,1,2,1,0,0,7,14,22,14,7,0,0,1,2,0,0,0,0,0,0,0,0,0,0,8,17,26,17,9,1,0,2,4,6,4,2,0,0,0,0,3,7,11,7,3,0,0,0,0,0,2,4,7,6,5,5,3,1,0,0,0,0,6,4,2,0,5,10,15,10,5,0,0,0,0,5,11,17,4,2,1,0,1,2,3,2,1,0,2,4,7,4,2,0,0,3,6,10,6,3,0,3,6,9,6,3,0,2,4,6,3,2,1,0,0,0,1,3,5,8,5,2,0,22,44,66,0,5,10,16,10,5,0,3,6,10,17,24,31,32,34,36,1,0,0,0,3,7,11,8,5,3,23,44,65,45,26,7,2,1,0,0,1,2,3,17,31,46,53,60,67,60,54,48,0,4,9,14,10,6,2,21,41,61,40,20,0,5,10,15,0,12,24,37,55,73,91,88,85,83,56,29,3,2,1,0,16,10,5,0,3,6,10,6,3,0,0,1,2,1,0,0,0,0,0,0,1,2,4,3,3,3,2,1,0,1,2,4,6,4,2,0,1,2,4,2,1,0,3,6,9,6,3,0
0,2,4,7,4,2,0,3,6,9,7,6,5,3,1,0,14,10,6,3,2,1,0,0,0,0,0,0,0,1,2,3,0,0,0,0,1,2,3,6,10,14,13,12,11,7,3,0,0,5,10,16,11,6,2,1,0,0,0,0,0,2,4,6,7,4,2,0,0,0,0,8,16,24,16,8,0,0,0,1,6,4,2,0,0,0,0,0,0,0,3,7,11,68,126,184,0,0,0,0,2,4,6,4,2,0,30,61,92,139,186,233,0,2,4,6,4,2,0,0,0,0,59,118,178,203,228,254,3,2,1,0,0,0,0,5,10,15,67,119,171,199,227,255,0,0,1,2,1,0,0,0,0,0,33,66,99,151,203,255,11,9,7,5,3,1,0,2,4,7,4,2,0,5,10,15,0,3,7,11,7,3,0,0,1,2,3,4,6,4,2,0,0,5,11,17,11,5,0,0,0,0,3,7,11,9,7,5,4,2,1,0,1,2,4,5,6,8,5,2,0,0,0,0,0,0,0,0,0,0,1,0,0,0,0,0,0,5,10,15,0,3,6,10,6,3,0,0,0,0,1,3,5,5,5,5
0,2,5,8,5,2,0,2,4,7,4,2,0,0,0,0,8,5,2,0,1,2,3,2,1,0,0,0,0,5,10,15,2,1,0,0,3,7,11,8,5,2,1,0,0,2,4,6,4,6,8,10,6,3,0,0,0,0,0,0,0,5,10,16,0,2,4,7,4,2,0,4,8,13,9,5,2,5,9,13,13,8,4,0,1,2,4,2,1,0,0,0,0,21,42,64,2,1,0,0,3,7,11,8,5,2,1,0,0,28,57,86,0,4,8,12,8,4,0,0,1,2,2,2,2,36,71,106,0,0,0,0,0,0,1,1,1,1,0,0,0,27,55,83,0,0,0,0,0,0,0,0,0,0,2,5,8,30,53,76,10,8,7,6,4,2,0,1,2,4,9,15,21,31,41,52,0,0,0,0,0,0,0,7,15,23,36,50,64,70,76,83,3,3,4,5,3,1,0,0,0,0,4,9,14,10,6,3,1,2,4,6,4,2,0,0,0,0,0,0,0,0,0,0,0,2,4,6,5,4,3,2,2,2,2,2,3,5,7,9,0,0,0,1,1,1,1,0,0,0,0,0,0,3,7,11
1,2,3,4,2,1,0,0,0,0,3,7,11,7,3,0,2,1,0,0,3,7,11,7,4,1,0,0,0,0,0,0,2,2,3,4,2,1,0,0,0,0,9,18,27,18,9,0,0,0,0,0,2,4,6,4,2,1,0,0,0,1,3,5,2,1,0,0,3,6,9,6,3,0,0,0,0,5,11,17,0,2,4,6,4,2,0,0,0,0,7,15,23,29,36,43,0,0,0,0,3,7,11,7,3,0,0,0,0,28,57,86,3,3,4,5,3,1,0,0,0,0,4,8,13,35,58,81,0,0,0,0,0,0,0,0,0,0,0,0,0,25,50,76,4,3,2,2,2,2,2,3,4,6,7,8,10,31,53,75,0,0,0,0,0,0,1,0,0,0,6,12,19,35,51,67,0,0,0,0,3,6,9,8,7,7,20,34,48,64,80,96,10,7,4,2,4,6,8,5,2,0,0,1,2,7,12,18,0,0,0,0,1,2,3,2,1,0,0,0,0,2,4,7,3,5,7,9,8,8,8,6,4,3,2,1,1,2,3,5,0,1,2,4,2,1,0,0,0,0,0,0,0,2,4,7
6,4,2,1,0,0,0,2,4,7,4,2,0,0,0,0,0,1,2,3,2,1,0,2,4,6,6,6,7,4,2,0,0,4,8,12,8,4,0,0,0,0,0,0,0,3,7,11,0,4,8,13,8,4,0,0,0,0,1,3,5,47,90,133,0,4,8,12,8,4,1,4,7,11,7,3,0,78,157,236,6,5,4,3,2,1,0,2,4,7,4,2,0,80,160,240,7,4,2,0,0,0,0,0,0,0,2,5,8,85,162,240,0,0,0,0,6,12,18,12,6,0,2,4,7,83,160,237,4,2,1,0,0,0,0,0,0,1,4,7,11,88,165,242,0,3,6,9,7,5,4,2,1,0,0,0,0,82,164,247,0,5,10,16,10,5,0,0,0,0,0,0,0,83,166,249,1,0,0,0,0,0,0,0,0,0,5,11,17,84,152,220,5,3,1,0,4,8,13,11,10,9,6,3,0,3,6,9,6,4,2,0,3,6,9,6,3,0,1,3,5,3,1,0,0,0,0,0,0,1,2,1,0,0,4,9,14,9,4,0,0,1,3,5,3,1,0,0,0,0,3,7,11,7,3,0
1,0,0,0,0,0,1,0,0,0,0,0,0,3,6,9,0,1,2,3,4,5,7,8,9,11,7,3,0,0,0,0,0,1,2,4,2,1,0,0,0,0,0,0,0,18,37,56,0,4,8,13,8,4,0,0,0,0,10,20,31,96,162,228,3,4,5,7,4,2,0,2,4,6,9,12,16,95,175,255,8,5,2,0,0,0,0,3,6,9,6,3,0,82,164,247,2,1,0,0,1,3,5,6,8,10,15,20,26,102,178,255,0,3,7,11,9,7,6,4,2,0,8,16,25,99,173,248,4,2,1,0,2,5,8,6,4,3,6,10,14,94,174,255,0,7,14,22,14,7,0,0,0,0,5,10,15,92,169,247,0,0,0,0,0,0,0,5,10,15,16,17,19,94,170,246,3,6,9,12,8,4,0,0,0,0,5,10,16,95,175,255,0,0,0,0,0,0,0,0,0,0,5,11,17,11,5,0,16,12,9,6,4,2,0,1,2,3,2,1,0,0,0,0,3,2,1,0,1,2,3,9,15,21,14,7,0,0,1,2,0,1,2,4,4,4,5,3,1,0,0,0,0,0,0,1
0,1,2,3,2,1,0,0,0,0,3,6,10,7,4,2,12,10,9,8,5,3,1,2,3,5,3,1,0,0,0,0,0,0,0,0,0,0,0,3,6,9,6,3,0,1,3,5,10,10,10,11,7,3,0,1,3,5,25,45,66,69,72,75,0,0,0,0,1,2,4,20,36,53,120,187,255,255,255,255,5,3,1,0,0,0,1,17,33,49,117,186,255,214,173,132,1,0,0,0,2,4,7,24,42,60,124,189,254,213,172,131,1,0,0,0,0,0,0,15,30,45,114,184,254,253,252,252,1,1,1,2,1,0,0,16,32,48,117,186,255,231,208,185,0,1,3,5,6,8,10,24,38,52,119,187,255,212,170,128,1,0,0,0,0,1,2,16,30,44,114,184,255,227,199,171,1,0,0,0,2,4,6,23,40,58,122,186,250,250,251,252,3,2,1,0,0,0,0,0,0,0,3,6,9,7,5,4,0,0,0,1,4,7,11,11,11,12,8,4,0,0,0,0,3,2,1,0,0,0,0,0,0,1,0,0,0,3,6,10,2,3,4,5,3,1,0,0,0,0,4,8,12,8,4,0
4,2,1,0,0,0,0,1,2,4,3,2,2,2,2,2,0,0,0,1,0,0,0,1,2,3,2,1,0,0,0,0,0,0,0,0,0,0,0,2,4,7,4,2,0,3,6,9,4,3,2,2,1,0,0,0,0,0,9,18,28,74,120,167,0,1,3,5,3,2,1,0,0,0,12,25,38,110,182,255,6,4,2,0,1,2,3,8,13,19,20,21,23,98,173,249,13,8,4,0,0,0,0,4,8,12,18,25,32,105,178,251,0,4,8,12,9,6,3,2,1,0,16,33,50,118,186,255,3,2,1,0,1,2,3,2,1,0,13,27,41,109,177,246,0,0,0,0,1,3,5,3,1,0,8,16,25,101,178,255,0,0,0,0,3,6,10,7,4,2,19,36,53,116,180,244,0,5,11,17,11,5,0,0,0,0,19,39,59,122,185,248,4,3,3,3,3,3,3,2,1,0,3,6,10,6,3,0,2,1,0,0,0,0,1,2,4,6,4,2,0,7,15,23,4,2,1,0,3,6,9,10,12,14,9,4,0,0,0,0,0,3,7,11,7,3,0,0,0,0,1,2,3,4,5,7
0,2,4,7,4,2,0,0,0,0,0,0,0,6,12,18,1,3,5,7,4,2,0,0,0,0,0,0,0,0,0,0,0,1,3,5,3,1,0,2,5,8,5,2,0,0,0,0,0,2,4,6,5,4,3,3,3,4,4,4,4,37,70,103,4,4,5,6,4,2,0,0,0,0,1,2,4,80,156,232,2,1,0,0,0,1,2,1,0,0,0,0,0,83,166,250,0,0,0,0,2,4,6,8,10,12,8,4,0,76,153,230,8,5,2,0,0,0,0,0,1,2,1,0,0,85,170,255,0,0,0,0,0,0,0,0,1,2,1,0,0,82,164,247,11,7,3,0,0,0,0,2,5,8,6,4,3,83,164,245,0,3,7,11,8,5,2,2,2,3,2,1,0,78,156,234,0,3,7,11,7,3,0,0,0,0,3,6,9,91,173,255,8,9,10,12,8,4,0,2,5,8,5,2,0,2,4,6,0,0,0,0,0,0,0,5,10,16,15,14,13,8,4,0,3,2,1,0,1,2,3,2,1,0,0,0,0,0,0,0,5,3,1,0,4,9,14,10,7,4,2,1,0,3,6,10
0,5,10,16,10,5,0,1,3,5,3,1,0,2,5,8,3,2,1,0,1,3,5,3,1,0,0,0,0,0,0,0,0,0,0,0,1,3,5,5,6,7,6,6,6,6,7,8,11,8,6,4,3,2,2,1,0,0,0,0,0,43,87,131,7,4,2,0,5,10,16,10,5,0,9,18,27,103,179,255,2,2,2,2,3,4,5,3,1,0,8,16,24,93,162,232,0,6,12,18,12,6,0,0,0,0,12,24,37,109,182,255,2,1,0,0,3,6,9,7,6,5,6,8,10,91,173,255,9,6,3,0,0,0,0,3,6,9,16,23,31,105,180,255,0,1,2,3,5,7,10,6,3,0,2,4,6,89,172,255,0,7,14,21,14,7,0,0,0,0,10,20,31,105,180,255,2,1,0,0,0,1,2,2,2,2,10,18,27,96,165,234,0,2,4,6,4,2,0,3,7,11,7,3,0,0,0,1,17,11,5,0,2,4,6,4,2,0,0,0,0,4,9,14,0,3,6,9,9,9,10,11,12,13,8,4,0,0,0,0,6,4,3,2,1,0,0,0,0,0,0,0,0,4,8,12
0,1,2,4,3,2,2,1,0,0,0,0,0,2,4,7,5,3,1,0,0,0,0,1,2,3,5,8,11,7,3,0,0,4,8,12,10,8,7,4,2,0,0,0,0,0,0,0,0,3,6,10,6,3,0,0,0,0,3,6,9,10,11,12,1,1,1,2,1,0,0,1,2,3,2,1,0,0,0,0,7,4,2,0,0,0,0,1,2,3,5,7,10,6,3,0,0,0,0,1,4,7,11,7,3,0,0,0,0,4,8,13,4,2,1,0,0,0,0,0,0,0,1,3,5,27,49,72,3,2,1,0,0,0,0,0,0,0,0,0,0,36,73,110,2,1,0,0,2,4,7,8,10,12,8,4,0,66,132,198,0,0,0,0,1,2,3,2,1,0,0,0,0,78,156,234,2,4,7,10,6,3,0,0,0,1,15,29,44,111,178,245,0,0,0,0,0,0,0,0,0,1,0,0,0,5,10,16,17,11,5,0,0,0,0,4,9,14,9,4,0,0,0,0,2,1,0,0,0,0,0,3,6,9,6,3,0,1,3,5,0,4,8,13,8,4,0,0,0,0,0,1,2,3,4,6
1,0,0,0,4,8,12,8,4,0,1,2,3,2,1,0,0,1,2,3,3,3,3,2,1,0,0,0,0,1,2,4,0,0,0,0,0,0,1,1,1,2,1,0,0,0,0,0,0,0,0,0,0,1,2,4,6,8,7,6,6,4,2,0,6,4,2,0,1,2,3,2,1,0,1,2,3,2,1,0,0,0,0,0,3,6,10,6,3,0,1,2,4,4,4,5,0,0,0,0,1,2,4,4,4,4,2,1,0,0,1,2,11,7,3,0,0,0,0,3,7,11,7,3,0,0,0,0,0,0,0,0,3,7,11,7,3,0,0,0,1,1,1,2,0,5,10,15,10,5,0,0,0,0,2,4,7,18,29,40,0,0,0,0,1,3,5,3,2,1,2,3,4,28,53,78,0,3,7,11,7,3,0,0,0,0,2,5,8,20,32,44,0,0,0,0,6,13,20,16,12,8,5,2,0,2,4,7,1,5,9,14,9,4,0,3,6,10,6,3,0,1,2,3,0,0,0,0,1,2,4,4,5,6,4,2,0,6,12,19,2,1,0,0,0,0,0,0,0,0,1,2,3,2,1,0
10,6,3,0,0,0,0,3,6,9,6,3,0,5,10,15,0,1,2,4,3,2,1,1,2,3,3,3,4,2,1,0,0,4,8,13,8,4,0,0,0,0,0,0,0,2,4,6,2,1,0,0,0,0,0,0,0,0,0,0,0,48,97,146,0,0,0,0,3,6,9,7,5,3,2,1,1,85,170,255,0,4,8,13,9,5,1,0,0,0,2,4,7,87,168,249,0,2,4,6,4,2,0,0,0,0,4,9,14,92,170,248,2,1,0,0,0,0,0,4,8,12,8,4,0,85,170,255,8,5,2,0,2,4,7,5,3,1,1,2,3,86,169,252,0,1,2,3,4,6,8,5,2,0,0,0,0,85,170,255,0,4,9,14,10,6,3,2,1,0,2,4,6,89,172,255,0,0,0,0,0,0,0,0,0,0,8,16,24,91,159,227,0,0,0,0,2,5,8,6,4,2,1,0,0,2,4,7,2,1,0,0,2,4,7,4,2,0,0,0,0,0,0,0,0,0,0,0,2,4,7,4,2,0,1,3,5,6,7,8,0,1,2,4,2,1,0,0,0,0,0,0,0,2,4,6
3,2,1,0,6,13,20,14,8,3,2,1,0,0,0,0,7,7,7,7,4,2,0,0,0,0,6,12,18,13,8,3,0,5,10,15,11,7,3,2,1,0,0,0,0,13,27,41,15,12,9,6,4,2,0,0,0,0,13,27,41,107,173,240,0,0,0,0,1,3,5,3,2,1,10,20,30,105,180,255,17,11,5,0,0,0,0,1,2,4,17,31,45,115,185,255,0,0,0,0,0,0,0,0,0,0,7,14,22,96,170,245,3,2,2,2,1,0,0,3,6,9,16,23,30,104,178,253,0,4,9,14,9,4,0,1,2,3,16,29,42,111,180,250,0,1,2,3,2,1,0,0,0,1,8,15,23,98,173,248,2,1,0,0,1,3,5,3,1,0,13,26,39,111,183,255,2,1,0,0,2,4,7,8,9,10,12,14,17,96,175,255,3,9,15,22,14,7,0,0,0,0,9,18,27,18,9,0,0,0,0,0,1,2,3,4,5,7,4,2,0,5,10,16,8,5,2,0,1,2,4,3,3,3,2,1,0,3,6,9,0,3,6,10,6,3,0,0,0,0,3,7,11,7,3,0
0,3,6,10,6,3,0,0,0,0,5,10,16,10,5,0,0,0,0,1,1,1,1,0,0,0,1,2,3,2,1,0,5,3,1,0,2,4,7,7,7,7,4,2,0,0,0,0,9,6,3,0,0,0,0,0,0,0,2,5,8,51,94,137,0,0,1,2,3,5,7,4,2,0,0,0,0,53,107,161,0,1,2,4,4,4,5,3,1,0,0,0,0,65,130,195,0,0,0,1,3,5,7,5,3,2,1,0,0,53,106,159,8,5,2,0,0,0,0,0,0,0,2,4,6,67,129,191,0,6,12,18,13,8,3,2,1,0,3,6,10,61,112,164,1,0,0,0,0,0,0,0,0,0,5,10,16,70,124,178,3,2,2,2,3,4,6,4,2,0,0,0,0,58,117,176,0,0,0,0,3,6,9,6,3,0,1,2,4,67,131,195,0,0,0,0,1,3,5,7,9,11,7,3,0,4,9,14,5,3,1,0,0,0,0,0,0,0,0,0,0,0,0,0,0,2,4,7,8,9,10,6,3,0,1,2,4,4,5,6,2,1,0,0,0,0,1,0,0,0,0,0,0,0,1,2
0,0,1,2,1,0,0,0,0,0,0,0,0,3,6,10,5,4,3,2,2,3,4,2,1,0,0,0,0,0,0,0,0,2,5,8,5,2,0,6,12,18,19,20,21,17,13,9,4,2,1,0,2,4,6,4,2,0,0,0,0,61,122,183,2,5,8,11,7,3,0,1,2,3,2,2,2,58,114,171,1,0,0,0,3,6,10,10,10,11,9,8,7,58,109,161,0,5,11,17,11,5,0,0,0,0,2,5,8,77,146,216,7,4,2,0,2,5,8,9,10,12,8,4,0,69,138,208,0,0,0,1,5,9,13,8,4,0,4,9,14,71,129,187,2,1,0,0,0,0,0,0,1,2,1,0,0,63,126,189,0,0,0,0,0,0,0,4,8,13,13,13,13,87,162,237,2,5,9,13,12,11,10,6,3,0,0,0,0,54,108,162,0,0,0,0,1,2,3,5,7,9,6,3,0,0,0,0,7,4,2,0,0,0,0,3,7,11,11,11,11,7,3,0,0,5,10,15,14,13,12,8,4,0,0,0,0,0,0,0,4,2,1,0,3,6,10,6,3,0,5,11,17,12,7,2
0,0,0,1,3,5,8,5,2,0,0,0,0,0,0,0,0,2,4,7,4,2,0,3,6,10,7,5,3,2,1,0,2,3,4,6,4,2,0,2,5,8,9,10,11,7,3,0,0,0,0,0,3,7,11,16,21,27,49,71,94,106,118,131,5,3,1,0,3,6,9,11,13,16,45,74,104,147,191,235,0,0,0,0,0,0,0,6,12,18,41,64,88,143,199,255,7,8,9,10,6,3,0,4,8,13,32,52,72,130,188,246,0,0,0,0,0,0,1,0,0,0,32,64,97,149,202,255,1,1,1,1,4,7,10,6,3,0,30,61,92,146,200,254,0,2,4,6,4,2,0,0,0,0,32,64,96,149,202,255,3,4,6,8,5,2,0,3,6,9,41,73,105,144,183,222,0,0,0,0,5,10,16,26,36,46,86,126,166,183,201,219,8,5,2,0,0,0,0,0,0,0,6,12,18,12,6,0,0,3,6,9,6,4,2,2,2,2,1,0,0,0,0,0,0,1,2,3,2,1,1,3,5,7,4,2,0,1,3,5,11,7,3,0,1,3,5,3,1,0,2,4,7,4,2,0
0,3,6,9,10,11,12,8,4,0,4,8,12,8,4,0,3,2,1,0,0,0,0,0,0,0,2,5,8,5,2,0,4,2,1,0,4,8,12,9,6,3,2,1,0,0,0,0,0,2,5,8,5,2,0,1,2,4,27,51,75,97,119,141,1,1,1,1,0,0,0,0,0,0,25,50,76,135,194,254,9,6,3,0,5,10,15,11,7,3,2,1,0,76,152,228,9,6,3,0,1,2,4,6,9,12,8,4,0,74,149,224,0,0,0,1,0,0,0,0,0,0,2,5,8,82,156,231,0,0,0,0,0,0,0,0,0,0,3,7,11,82,153,224,11,10,9,9,7,6,5,3,1,0,0,0,0,73,146,219,0,0,0,0,0,0,0,1,2,4,6,9,12,85,158,231,3,8,13,18,16,14,12,8,4,0,3,6,9,81,153,225,0,0,0,0,0,0,0,2,5,8,5,2,0,24,48,73,2,4,6,9,10,11,13,9,5,1,0,0,0,0,0,0,4,2,1,0,0,0,0,0,0,0,0,0,1,1,1,1,1,0,0,0,3,6,10,7,4,2,1,0,0,3,7,11
9,6,3,0,0,0,0,1,3,5,4,4,4,2,1,0,0,0,0,0,0,0,0,2,5,8,5,2,0,0,0,0,0,2,4,7,4,2,0,1,2,3,2,1,0,5,10,15,0,3,6,10,6,3,0,0,0,0,0,0,0,58,117,176,0,0,0,0,0,0,0,3,6,9,6,4,2,64,126,189,2,1,0,0,1,3,5,3,1,0,0,0,0,65,130,196,4,2,1,0,1,2,4,2,1,0,1,3,5,64,124,184,0,1,2,3,5,8,11,7,3,0,0,0,1,64,127,191,11,7,3,0,0,0,0,1,2,3,4,5,6,63,120,178,3,4,5,7,8,9,10,6,3,0,1,2,4,67,130,194,0,0,0,0,4,8,13,8,4,0,0,1,2,59,116,174,13,9,5,1,0,0,0,0,0,0,6,12,19,74,129,184,3,2,1,0,0,0,0,0,0,1,0,0,0,0,0,1,2,1,0,0,2,4,7,8,10,12,9,6,4,4,4,5,0,0,0,0,0,0,0,0,0,0,0,0,0,2,4,6,0,1,2,3,4,5,7,4,2,0,2,4,7,5,3,2
10,6,3,0,0,0,1,1,1,1,0,0,0,0,0,0,0,0,0,0,0,0,0,3,6,9,8,7,6,5,5,5,8,5,2,0,2,4,6,7,9,11,7,3,0,0,0,0,0,4,8,12,10,8,6,4,2,0,6,13,20,86,153,220,14,9,4,0,0,0,0,0,1,2,2,3,4,82,161,240,0,0,0,0,2,4,6,8,10,12,8,4,0,80,160,241,6,4,2,0,0,0,0,5,10,15,10,5,0,78,157,236,0,3,7,11,7,3,0,0,0,0,1,2,4,82,160,238,0,1,2,3,2,1,0,6,12,18,12,7,2,81,160,240,0,1,3,5,3,1,0,0,0,0,1,2,3,73,143,214,3,2,1,0,4,8,12,8,4,0,1,3,5,86,167,248,0,9,18,27,18,9,0,2,4,6,4,2,1,78,155,233,0,0,0,0,2,4,6,4,2,0,0,0,0,76,153,230,1,0,0,0,0,0,1,4,7,11,7,3,0,1,2,4,14,9,4,0,1,2,3,2,1,0,3,6,9,7,5,4,0,4,8,12,8,4,1,1,1,2,1,0,0,0,0,0
0,1,2,4,4,5,6,4,2,0,0,0,1,2,4,6,0,0,0,0,0,0,1,0,0,0,1,2,4,2,1,0,5,3,1,0,2,5,8,5,3,1,0,0,0,0,0,0,3,2,1,0,0,0,0,2,4,7,13,19,25,73,121,169,0,0,0,0,0,0,0,2,4,6,4,2,0,70,140,210,0,1,3,5,3,1,0,0,0,0,0,0,0,85,170,255,0,1,2,4,2,1,0,2,5,8,25,43,61,123,185,247,1,1,1,2,1,0,0,0,1,2,39,76,114,160,207,254,8,5,2,0,3,7,11,7,4,1,55,109,164,192,220,248,1,3,5,8,6,5,4,5,7,9,85,161,238,243,249,255,0,2,4,7,4,2,0,7,14,22,98,174,250,250,250,250,16,10,5,0,9,18,28,67,106,145,181,218,255,242,229,216,0,2,5,8,5,2,0,0,0,0,0,0,0,6,12,18,0,0,0,1,0,0,0,8,16,24,16,8,0,0,0,0,0,3,7,11,7,3,0,0,0,0,0,0,0,0,0,0,1,0,0,0,1,2,4,2,1,0,0,0,0,3,6,10
11,7,3,0,2,4,6,4,3,2,1,0,0,0,1,2,3,2,1,0,0,0,0,0,0,0,0,0,0,2,5,8,0,0,0,0,0,0,0,1,2,4,3,2,2,1,1,1,0,1,3,5,5,6,7,4,2,0,0,0,0,14,28,43,0,0,0,0,1,2,3,5,7,9,6,3,0,17,34,51,15,10,5,0,0,0,0,0,0,0,0,0,0,35,71,107,0,2,4,6,7,8,9,11,13,15,10,5,0,61,122,183,0,2,5,8,5,2,0,0,0,0,3,6,9,91,173,255,0,0,0,0,0,0,1,0,0,0,22,44,66,129,192,255,7,5,3,1,5,9,14,9,4,0,49,98,147,182,217,252,0,0,0,0,3,7,11,12,14,16,65,114,163,193,224,255,13,8,4,0,0,0,0,0,0,0,17,34,52,95,138,181,0,0,0,0,7,15,23,15,7,0,3,7,11,10,9,9,0,1,2,3,2,1,0,0,0,0,5,10,16,10,5,0,4,7,10,14,9,4,0,0,1,2,1,0,0,0,0,1,0,0,0,0,4,8,13,8,4,0,0,0,0,1,2,3
0,0,1,2,6,10,15,10,5,0,2,4,7,8,9,11,2,3,4,5,3,1,0,5,10,15,10,5,0,0,0,0,8,5,3,1,0,0,0,6,12,18,12,6,0,0,0,0,0,0,0,0,9,18,27,18,9,0,3,6,9,12,16,20,0,0,0,0,0,0,0,6,13,20,13,6,0,0,0,0,0,2,4,6,4,2,0,0,0,0,0,0,1,26,51,77,0,1,2,4,2,1,0,0,0,0,0,1,2,31,61,91,1,0,0,0,1,2,4,4,4,5,5,5,6,26,46,66,2,1,0,0,1,2,4,2,1,0,21,42,64,51,38,26,0,2,4,7,5,3,2,1,0,0,14,28,42,41,40,40,0,3,6,10,6,3,0,1,2,3,6,9,13,27,41,56,0,0,0,0,0,0,0,3,6,9,11,13,16,38,61,84,13,8,4,0,0,0,0,0,0,0,0,0,0,3,6,9,4,2,1,0,3,6,10,7,4,1,2,3,5,4,3,3,0,0,0,0,3,6,10,6,3,0,0,1,2,1,0,0,0,0,0,0,1,2,4,2,1,0,0,0,0,3,6,9
0,1,2,3,2,1,0,4,9,14,11,9,7,4,2,0,3,2,1,0,2,4,6,4,2,1,0,0,0,1,3,5,0,1,2,4,3,2,2,1,0,0,2,4,7,8,10,12,10,6,3,0,0,0,1,5,10,15,10,5,0,0,0,0,0,6,12,19,12,6,0,0,0,0,2,4,7,4,2,0,0,1,3,5,3,1,0,1,3,5,3,1,0,12,25,38,0,3,6,10,6,3,0,0,0,0,3,6,10,35,61,87,6,4,2,0,4,8,13,11,10,9,6,3,0,29,58,87,0,0,0,0,0,0,0,2,4,6,7,8,9,29,49,69,8,6,4,2,1,0,0,0,1,2,1,1,1,20,39,58,0,0,0,0,0,0,0,3,6,10,13,16,19,40,61,82,7,6,6,6,4,2,0,0,0,0,0,0,0,4,8,13,0,0,0,0,0,0,0,0,0,0,0,0,0,4,8,12,0,0,0,1,1,1,2,2,2,2,1,0,0,0,0,0,0,0,0,0,0,0,0,1,2,4,4,4,4,2,1,0,2,1,0,0,0,0,0,0,0,0,1,2,4,2,1,0
8,5,2,0,2,4,6,4,2,0,0,1,2,3,4,6,0,0,0,0,0,0,0,4,8,12,9,7,5,3,1,0,4,6,8,10,9,8,7,4,2,0,3,6,9,11,13,16,0,0,0,0,2,4,7,5,3,1,1,2,3,2,1,0,0,5,10,15,10,5,0,2,4,6,4,2,0,21,42,63,0,0,1,2,2,3,4,5,6,8,8,8,8,73,139,205,22,14,7,0,1,2,4,2,1,0,10,20,30,105,180,255,0,4,8,12,11,10,9,6,3,0,28,56,84,141,198,255,0,1,3,5,3,2,1,4,8,12,32,52,72,131,191,251,0,0,0,1,0,0,0,0,0,0,4,9,14,89,165,241,8,5,2,0,0,0,0,3,7,11,11,11,11,65,119,174,0,1,2,4,3,2,2,2,3,4,2,1,0,3,7,11,4,5,7,9,7,5,3,2,1,0,5,11,17,11,5,0,0,0,0,0,4,8,12,8,4,0,0,0,0,1,3,5,17,11,5,0,3,6,9,6,4,2,1,0,0,0,0,0,0,0,0,0,0,0,0,1,2,4,5,7,9,6,3,0
0,3,6,10,8,7,6,4,2,0,0,1,2,1,0,0,10,6,3,0,0,0,0,0,1,2,7,13,19,15,11,7,3,3,3,4,5,7,9,6,3,0,0,0,0,0,0,0,0,0,0,0,0,0,0,1,3,5,5,5,6,8,11,14,7,4,2,0,0,0,0,2,4,6,4,2,1,0,0,0,0,3,6,10,8,7,6,4,2,0,0,0,0,7,14,22,0,3,7,11,9,7,6,4,2,0,0,0,0,22,45,68,1,0,0,0,2,4,6,5,4,3,5,7,9,37,65,93,0,1,3,5,3,1,0,0,0,0,4,8,12,33,55,77,0,0,0,1,2,4,6,4,2,0,0,0,0,11,22,34,3,2,1,0,1,2,3,2,1,0,0,0,0,1,2,3,1,0,0,0,0,0,0,0,0,1,4,7,10,6,3,0,0,1,2,3,2,1,0,2,5,8,6,4,2,1,0,0,3,2,1,0,0,0,0,3,6,10,6,3,0,0,0,0,10,6,3,0,0,0,0,1,2,4,2,1,0,0,0,0,0,0,0,0,4,9,14,9,4,0,1,3,5,4,3,2
10,6,3,0,0,0,0,0,0,1,4,7,10,6,3,0,0,4,9,14,9,5,1,0,0,0,2,4,7,4,2,0,0,0,0,0,0,0,0,0,1,2,1,1,1,0,0,0,3,2,1,0,3,6,10,9,8,7,4,2,0,5,11,17,1,0,0,0,0,0,0,0,0,0,32,64,97,145,193,241,0,3,6,9,6,3,0,7,14,21,88,156,224,224,225,226,0,2,4,6,5,5,5,32,60,88,143,199,255,210,166,122,5,3,1,0,1,2,4,45,86,128,168,208,249,189,129,70,3,2,1,0,1,2,4,41,79,117,162,207,252,195,138,82,0,5,11,17,11,5,0,20,40,61,125,190,255,218,182,146,6,4,2,0,0,0,0,3,7,11,73,135,197,216,235,255,2,1,0,0,10,21,32,21,10,0,1,3,5,55,106,157,7,4,2,0,0,0,0,2,4,6,4,2,0,4,8,12,0,1,2,3,2,1,0,3,6,10,12,14,16,10,5,0,0,2,4,7,6,5,4,2,1,0,0,0,0,0,0,0,0,0,0,0,2,4,7,4,2,0,1,3,5,3,1,0
0,7,15,23,15,7,0,0,0,0,0,0,0,0,1,2,0,0,0,0,0,0,0,4,8,13,9,5,1,0,0,0,9,6,3,0,0,1,2,1,0,0,0,0,0,3,6,9,0,2,4,6,7,9,11,7,3,0,2,4,7,4,2,0,1,1,1,2,1,1,1,0,0,0,0,0,0,4,8,13,3,2,1,0,0,0,0,1,2,3,11,19,27,80,133,186,8,5,2,0,2,5,8,5,2,0,21,42,64,123,182,242,3,2,1,0,0,0,0,1,2,4,45,87,129,171,213,255,0,5,10,15,10,5,0,0,0,0,38,77,116,162,208,255,0,0,0,0,0,0,0,0,0,0,24,48,73,132,191,250,0,2,5,8,8,9,10,8,6,5,3,1,0,38,77,116,1,0,0,0,0,0,0,5,10,16,13,11,9,6,3,0,0,2,5,8,7,7,7,4,2,0,0,1,2,1,0,0,10,6,3,0,1,2,3,2,1,0,0,0,0,6,12,19,2,1,0,0,1,3,5,8,11,14,9,4,0,1,2,3,0,6,13,20,13,6,0,0,0,0,0,0,0,1,3,5
0,2,4,7,4,2,0,0,0,0,6,13,20,13,6,0,0,1,2,3,10,17,24,16,8,0,0,0,0,2,5,8,0,0,0,0,0,0,0,3,7,11,13,15,17,11,5,0,0,5,10,16,10,5,0,0,0,0,5,10,16,10,5,0,0,0,0,0,0,0,0,7,14,21,14,7,0,38,77,116,9,6,3,0,0,0,0,0,0,0,7,14,21,96,172,248,0,0,0,0,0,0,0,3,7,11,26,41,57,121,185,250,7,4,2,0,3,6,9,6,3,0,24,49,74,126,178,231,1,0,0,0,0,1,2,1,0,0,25,51,77,133,189,245,8,5,2,0,1,2,4,5,7,9,16,24,32,98,165,232,0,8,17,26,17,8,0,0,0,0,4,8,12,85,158,231,10,6,3,0,0,0,0,6,12,19,12,6,0,14,28,43,15,10,5,0,4,9,14,9,4,0,0,0,0,0,1,2,0,0,0,0,2,4,7,5,4,3,2,1,0,4,9,14,0,7,14,21,14,7,0,0,1,2,1,0,0,0,0,0,6,4,2,0,5,10,15,10,5,0,2,4,7,4,2,0
1,0,0,0,2,4,6,4,2,0,0,0,0,0,0,0,0,1,2,3,5,7,9,6,3,0,4,8,12,8,4,0,4,9,14,19,12,6,0,0,0,0,0,1,2,1,0,0,0,0,0,0,0,0,0,5,11,17,13,10,7,4,2,0,2,1,0,0,5,11,17,11,5,0,0,0,0,0,1,2,0,0,0,0,0,0,0,0,0,0,7,15,23,77,131,186,6,7,9,11,7,3,0,4,8,12,22,33,44,103,162,222,0,0,0,0,3,7,11,7,3,0,34,68,103,138,174,210,2,1,0,0,0,0,0,0,0,0,34,68,102,136,170,205,4,2,1,0,0,0,0,1,2,4,16,28,40,106,173,240,0,7,14,22,14,7,0,0,0,0,0,0,0,37,75,113,7,5,3,1,0,0,0,0,0,0,3,6,9,6,3,0,0,3,6,10,7,4,2,2,3,4,5,6,7,8,9,11,6,6,7,8,5,2,0,0,0,0,0,0,0,0,0,0,16,10,5,0,9,19,29,19,9,0,3,7,11,9,7,6,0,4,8,13,8,4,0,0,0,0,0,0,0,1,3,5
0,3,6,9,6,3,0,5,10,15,10,5,0,0,0,0,5,3,2,1,0,0,0,1,2,3,2,1,0,0,0,0,0,0,0,0,2,4,6,4,2,0,0,0,0,9,18,27,1,0,0,0,0,0,0,9,18,27,18,9,0,0,0,0,5,3,1,0,4,9,14,9,4,0,3,7,11,7,3,0,3,2,1,0,0,0,0,5,10,16,12,8,4,5,6,7,0,3,6,10,6,3,0,0,0,0,0,0,0,39,78,118,0,1,3,5,3,1,0,0,0,0,1,2,3,80,157,235,0,0,0,1,1,1,1,0,0,0,6,12,18,97,176,255,3,2,1,0,3,6,9,11,14,17,13,9,6,83,160,237,3,2,1,1,0,0,0,0,0,0,7,14,21,74,127,181,0,0,0,1,4,7,11,7,3,0,0,0,0,9,18,28,10,6,3,0,0,0,1,6,11,16,10,5,0,1,3,5,0,3,6,9,8,7,6,4,2,0,0,0,0,6,12,18,0,0,0,0,0,0,0,0,0,0,7,14,22,14,7,0,5,3,1,0,1,2,3,2,1,0,0,0,0,4,8,13
3,2,1,0,2,4,7,8,9,11,7,4,1,1,1,2,0,7,14,21,14,7,0,0,0,0,0,0,0,0,0,1,0,0,1,2,4,7,10,6,3,0,3,7,11,7,3,0,1,0,0,0,0,0,0,6,12,18,17,16,15,10,5,0,3,2,1,0,0,0,0,5,10,16,10,5,0,8,16,25,4,4,4,5,3,1,0,0,0,0,2,4,6,4,2,0,0,0,0,0,0,0,0,3,7,11,7,3,0,9,18,27,0,1,2,3,4,5,7,4,2,0,0,0,0,43,86,129,4,3,2,2,1,0,0,3,6,10,9,8,7,45,83,122,6,4,2,0,2,5,8,5,2,0,0,1,2,31,60,90,0,0,0,0,9,18,28,18,9,0,0,0,1,0,0,0,11,8,5,2,1,0,0,0,1,2,1,0,0,1,2,4,0,2,4,6,4,2,0,5,10,15,10,5,0,3,6,9,0,1,2,3,2,1,0,0,0,0,0,0,0,1,3,5,1,0,0,0,1,2,4,2,1,0,3,6,9,7,6,5,3,2,1,0,0,1,2,2,3,4,2,1,0,0,0,0
0,4,8,12,8,4,0,0,0,1,1,1,2,1,0,0,0,0,0,0,3,6,9,8,7,7,4,2,0,0,0,0,11,7,3,0,0,0,0,0,0,0,3,7,11,11,12,13,5,7,9,11,7,3,0,0,0,0,0,0,0,0,0,0,0,3,6,10,7,5,3,3,4,5,5,5,6,32,58,84,11,8,5,3,2,1,0,0,0,0,4,8,12,75,138,202,0,0,0,0,2,4,7,8,9,11,22,33,45,115,185,255,1,0,0,0,0,1,2,4,6,8,29,51,73,133,194,255,0,2,4,6,4,2,0,2,4,6,30,54,79,137,196,255,10,7,4,2,2,2,2,1,0,0,5,11,17,96,175,255,0,0,0,0,4,9,14,14,15,16,10,5,0,58,116,174,13,9,5,1,0,0,0,0,0,0,0,0,0,5,10,16,0,3,6,10,6,3,0,2,5,8,11,15,19,12,6,0,1,4,8,12,8,4,0,0,0,0,0,0,0,0,0,0,0,0,0,0,1,2,4,6,8,11,7,3,0,0,0,0,3,3,3,4,2,1,0,0,0,0,0,1,2,4,7,10
0,3,7,11,7,3,0,0,0,0,1,2,4,3,2,2,0,0,1,2,2,2,3,2,1,0,0,0,0,0,0,0,11,7,3,0,0,0,0,0,0,0,0,0,0,3,6,9,2,1,0,0,1,2,4,4,4,4,5,7,9,6,3,0,0,0,0,0,0,0,0,0,1,2,4,6,9,6,3,0,1,2,3,5,3,1,0,0,0,0,0,0,0,6,13,20,0,0,1,2,3,4,6,6,6,7,4,2,0,20,40,61,2,1,0,0,0,0,0,1,2,3,2,1,0,33,66,100,9,6,3,0,0,0,1,0,0,0,3,7,11,35,59,83,0,0,0,0,3,6,9,8,7,6,4,2,1,12,23,34,0,0,0,1,0,0,0,0,0,0,0,0,1,0,0,0,0,1,2,4,2,1,0,0,0,0,1,3,5,3,1,0,0,1,2,4,5,7,9,6,3,0,0,0,0,4,8,12,3,2,1,0,3,6,10,8,6,4,2,1,0,3,7,11,6,4,2,0,0,1,2,1,0,0,0,0,0,0,0,0,1,0,0,0,2,5,8,5,2,0,1,2,3,2,1,0
0,1,2,3,2,1,0,1,2,3,2,1,0,0,0,0,3,2,1,0,1,3,5,3,1,0,0,0,0,2,4,7,1,0,0,0,4,9,14,9,4,0,2,5,8,5,2,0,6,4,2,0,0,0,0,2,4,7,4,2,0,0,0,1,0,0,0,0,3,6,10,6,3,0,0,0,0,12,24,36,14,9,4,0,0,0,0,3,6,10,10,11,12,68,124,181,0,2,4,7,9,12,15,10,6,2,5,9,13,65,118,171,0,2,5,8,5,2,0,0,0,0,23,47,71,88,105,122,0,6,12,18,12,6,0,0,0,0,20,40,60,82,105,128,3,2,1,0,3,6,9,8,7,7,7,7,8,71,134,198,10,6,3,0,0,0,0,0,0,0,1,3,5,49,94,139,0,2,5,8,9,10,11,7,3,0,0,0,0,1,3,5,5,3,1,0,0,0,0,2,4,6,6,6,6,4,2,0,0,0,0,0,3,6,9,6,3,0,0,0,0,2,5,8,5,3,1,0,0,0,0,0,0,0,4,8,12,8,4,1,8,5,2,0,1,2,4,4,5,6,4,2,0,0,0,0
1,0,0,0,1,2,3,2,1,0,0,0,0,8,17,26,0,0,0,0,0,0,0,3,6,10,15,20,25,16,8,0,13,8,4,0,0,0,0,0,0,0,2,5,8,5,2,0,2,1,0,0,0,1,2,1,0,0,0,0,0,2,5,8,0,2,4,7,5,3,2,1,0,0,3,7,11,7,3,0,9,6,3,0,0,0,0,0,0,0,1,2,3,2,1,0,6,4,2,0,4,8,12,8,4,0,0,0,0,13,26,39,0,2,5,8,9,10,11,7,3,0,2,5,8,30,53,76,0,1,2,3,4,6,8,5,2,0,2,5,8,23,38,53,0,1,2,3,2,1,0,7,15,23,15,7,0,5,11,17,0,0,0,0,7,14,22,14,7,0,0,0,0,1,2,3,5,3,1,0,0,0,0,0,0,0,5,10,16,11,6,2,0,0,0,0,0,0,0,2,5,8,5,2,0,0,0,0,6,4,2,0,2,4,6,4,2,0,7,14,21,17,14,11,0,2,4,6,8,11,14,9,4,0,0,0,0,5,10,16,5,3,1,0,0,0,0,3,7,11,7,3,0,0,0,0
5,3,1,0,0,0,0,0,0,0,5,10,16,10,5,0,0,0,0,0,2,4,6,4,2,0,0,0,0,2,4,7,0,5,10,16,10,5,0,6,12,19,20,22,24,17,10,3,5,3,1,0,5,10,15,10,5,0,0,0,0,0,0,0,0,0,0,0,3,6,10,7,4,2,1,0,0,38,76,114,14,9,4,0,2,4,7,4,2,0,2,4,7,84,162,240,0,4,8,12,8,4,0,0,0,0,14,29,44,113,182,252,10,6,3,0,2,4,7,4,2,0,15,31,47,116,185,255,0,2,5,8,5,2,0,0,0,0,19,39,59,124,189,255,7,7,7,7,4,2,0,0,0,0,7,14,22,96,171,246,0,0,1,2,1,0,0,0,0,1,4,7,11,73,136,199,8,5,2,0,0,0,0,4,8,12,8,4,0,0,0,0,0,2,4,6,4,2,0,0,0,0,5,10,15,12,10,8,12,8,4,0,2,5,8,6,4,2,2,2,3,2,1,0,0,0,0,0,4,8,13,8,4,0,0,0,0,2,4,7,0,0,1,2,1,0,0,0,0,0,0,1,2,1,0,0
0,0,0,0,4,8,12,8,4,0,2,4,6,4,2,1,15,10,5,0,0,0,0,3,6,9,6,3,0,0,0,0,0,5,11,17,11,5,0,0,0,0,4,9,14,9,4,0,0,0,0,0,0,0,0,5,10,15,10,5,0,0,0,0,0,4,9,14,15,16,17,11,5,0,0,0,0,5,11,17,0,0,0,0,0,0,0,0,0,0,0,0,0,0,0,0,12,8,4,0,5,10,15,12,9,7,4,2,0,31,62,93,0,0,0,0,0,0,0,0,0,0,0,0,1,29,57,86,3,2,1,0,2,4,6,4,2,0,2,4,6,37,68,99,0,0,1,2,1,0,0,0,0,0,5,10,15,39,64,89,0,2,4,7,7,7,7,8,9,11,7,3,0,0,0,0,0,1,2,4,2,1,0,0,0,0,4,8,12,8,4,1,0,1,2,4,2,1,0,0,0,0,0,0,0,4,8,12,16,10,5,0,0,0,0,3,6,10,6,3,0,0,0,0,0,1,3,5,8,11,15,10,5,0,0,1,2,5,8,12,0,2,4,7,4,2,0,0,0,0,2,4,6,4,2,0
0,0,1,2,3,4,5,3,1,0,3,6,9,6,3,0,5,3,1,0,1,2,3,4,5,6,4,2,0,2,4,6,1,0,0,0,3,6,9,8,8,8,5,2,0,1,2,3,3,2,1,0,6,13,20,13,6,0,1,2,4,7,10,13,0,4,8,12,8,4,0,6,12,19,12,6,0,27,54,82,0,4,8,13,10,7,5,3,1,0,7,14,22,99,176,253,7,4,2,0,2,4,6,9,13,17,29,42,55,119,183,248,4,3,2,2,1,0,0,1,2,3,30,57,85,141,198,255,5,3,1,0,0,0,0,2,4,7,22,37,53,120,187,255,3,2,1,0,4,8,13,8,4,0,7,14,22,90,159,228,0,5,10,16,10,5,0,3,6,10,6,3,0,33,67,101,8,5,2,0,7,15,23,15,7,0,0,0,0,0,0,0,9,6,4,2,1,0,0,0,0,0,0,0,1,1,1,1,0,6,12,18,12,6,0,2,4,7,11,15,19,12,6,0,4,3,3,3,3,4,5,3,1,0,0,0,0,0,0,0,0,0,1,2,1,0,0,0,0,0,6,13,20,14,8,3
1,0,0,0,2,5,8,5,2,0,1,2,4,6,8,11,0,5,11,17,11,6,1,0,0,0,0,0,0,3,7,11,0,6,12,18,12,6,0,0,1,2,1,0,0,0,0,0,0,0,0,0,1,2,3,6,9,12,10,8,7,4,2,0,14,9,4,0,1,2,3,5,8,11,7,3,0,17,34,52,0,5,11,17,11,6,1,0,0,0,3,6,10,86,162,239,0,0,0,0,0,0,0,9,18,27,43,59,75,128,181,234,12,8,4,0,1,2,4,2,1,0,35,70,105,153,202,251,0,0,0,0,1,3,5,3,1,0,27,55,83,140,197,255,5,6,7,8,9,10,12,8,4,0,4,9,14,86,158,230,4,2,1,0,0,0,0,7,14,22,14,7,0,17,34,52,0,3,6,10,8,6,4,2,1,0,1,3,5,3,2,1,11,7,3,0,1,3,5,6,7,8,5,2,0,0,0,0,0,0,1,2,1,0,0,0,0,0,0,0,0,3,7,11,0,6,12,18,14,10,6,4,2,0,0,1,2,1,0,0,5,3,1,0,5,10,16,10,5,0,3,6,9,8,7,7
0,0,0,0,1,2,3,2,1,1,0,0,0,0,0,1,2,1,0,0,1,2,3,5,7,9,6,3,0,0,0,0,0,5,10,15,10,5,0,0,0,0,6,13,20,15,10,5,0,1,2,4,3,3,3,6,10,14,10,7,4,2,1,0,6,4,2,0,2,4,7,4,2,0,1,2,3,56,109,163,7,4,2,0,0,0,0,2,4,7,45,84,123,162,201,240,0,4,8,12,8,4,1,2,3,5,76,148,220,231,243,255,1,1,1,2,1,1,1,14,27,40,111,183,255,251,247,244,5,3,1,0,0,0,0,35,70,106,155,204,254,252,251,250,0,0,0,0,2,4,7,33,59,85,138,191,244,242,240,238,0,1,2,4,2,1,0,9,18,28,98,168,238,243,249,255,0,0,0,0,6,13,20,13,6,0,20,41,62,109,157,205,14,9,5,1,0,0,0,0,0,0,0,0,0,1,3,5,0,0,0,0,0,0,0,4,8,13,8,4,0,4,8,12,2,5,9,13,8,4,0,0,0,0,2,4,7,4,2,0,4,2,1,0,3,6,10,7,4,2,1,0,0,2,4,7
0,3,6,9,6,3,0,1,2,3,2,1,0,1,3,5,2,3,5,7,5,4,3,7,12,17,11,5,0,0,0,0,0,0,0,0,0,0,0,1,3,5,3,1,0,3,6,10,5,4,3,3,3,3,4,2,1,0,0,0,0,1,3,5,0,1,2,3,3,3,3,2,1,0,2,4,6,4,2,0,0,0,0,0,0,0,0,0,0,0,0,0,0,3,6,9,12,10,8,7,5,3,2,1,0,0,0,0,0,23,47,71,0,0,0,1,2,3,4,2,1,0,3,6,9,55,102,149,0,0,0,1,2,3,5,4,4,4,2,1,0,55,110,165,5,3,1,0,0,0,0,0,0,0,0,0,0,34,68,103,0,0,1,2,2,2,2,4,6,8,5,2,0,0,0,0,0,0,0,0,0,1,2,1,1,1,3,5,8,7,6,5,9,6,3,0,0,0,0,0,0,0,0,0,0,1,2,4,0,0,0,0,1,2,3,5,8,11,10,9,9,9,10,11,9,6,4,2,1,0,0,0,0,0,0,0,0,0,0,0,0,2,5,8,5,2,0,0,0,0,3,6,10,7,4,1
0,3,7,11,7,3,0,1,3,5,5,5,6,4,3,2,0,0,0,0,0,0,0,1,2,3,3,3,3,2,1,0,3,6,9,12,10,8,6,7,8,9,6,3,0,0,0,0,9,6,3,1,0,0,0,0,0,0,0,0,0,10,20,30,0,0,0,0,0,0,0,2,5,8,9,10,11,17,23,30,13,9,5,2,2,3,4,2,1,0,1,2,4,22,40,58,0,0,0,0,2,4,6,4,2,0,1,2,3,28,53,79,3,2,1,0,3,6,9,6,3,0,0,0,0,30,60,91,1,5,9,13,9,5,2,1,0,0,0,0,0,27,55,83,0,0,0,0,0,0,0,0,0,0,8,17,26,39,52,65,14,9,4,0,0,0,1,0,0,0,15,31,47,42,38,34,1,0,0,0,0,1,2,7,12,18,38,58,79,76,73,70,3,4,5,6,4,2,0,0,0,0,4,8,12,8,5,2,0,1,3,5,3,2,1,0,0,0,0,0,0,0,0,0,0,0,0,0,3,6,10,8,6,4,3,2,1,2,3,4,6,4,2,0,2,5,8,5,2,0,0,0,0,0,0,0
4,2,1,0,0,0,0,2,4,6,4,2,0,2,5,8,1,1,2,3,2,1,0,0,1,2,1,0,0,0,0,0,0,0,0,1,3,5,7,4,2,0,1,2,3,2,1,1,2,1,0,0,1,2,4,2,1,0,3,6,10,6,3,0,9,6,3,0,1,2,3,2,1,0,0,0,1,0,0,0,2,1,0,0,1,2,4,2,1,0,0,0,0,0,1,2,0,1,2,4,2,1,0,0,0,0,3,6,9,19,30,41,0,3,6,9,6,3,0,0,0,0,5,11,17,33,49,65,3,4,6,8,5,2,0,0,0,0,3,6,10,30,51,72,0,1,2,4,2,1,0,2,4,6,10,14,19,35,51,68,4,4,4,5,3,1,0,0,0,0,3,6,9,25,41,58,0,0,0,0,0,0,0,0,0,0,6,12,19,38,58,78,5,5,5,6,5,4,4,2,1,0,0,0,0,4,8,12,0,0,0,0,2,4,6,6,6,7,4,2,0,1,3,5,6,4,2,0,0,0,0,0,0,0,0,0,0,0,0,0,2,1,0,0,0,0,0,2,4,7,5,3,1,1,1,1
0,1,3,5,3,1,0,3,6,9,6,4,2,1,0,0,7,4,2,0,0,0,1,0,0,0,0,0,0,0,0,0,0,0,0,0,1,3,5,3,1,0,7,14,21,15,10,5,15,10,5,0,3,6,9,6,3,0,41,82,123,124,125,127,0,0,0,0,1,2,4,6,8,11,88,166,244,241,239,237,0,2,5,8,5,2,0,0,0,0,79,158,237,209,181,153,9,9,9,9,6,3,0,0,0,0,82,165,248,219,190,162,2,1,0,0,0,0,0,3,6,9,86,164,242,213,184,155,0,2,4,6,4,2,0,2,4,6,81,156,232,208,185,162,0,2,4,7,5,3,1,2,3,5,85,165,245,217,190,163,0,2,4,7,6,6,6,4,2,0,79,158,237,221,205,190,15,10,5,0,0,0,0,4,8,12,84,157,230,238,246,255,0,0,0,1,3,5,7,4,2,0,0,0,1,0,0,0,7,4,2,0,0,0,0,4,8,12,8,4,0,3,6,9,0,0,0,0,0,0,1,3,5,8,5,2,0,0,0,0,0,1,3,5,3,2,1,0,0,0,4,8,12,8,4,0
6,6,6,6,4,2,0,0,0,0,2,4,6,4,2,0,0,0,0,0,2,4,7,6,5,5,3,1,0,2,4,6,9,6,3,0,0,0,0,2,4,7,4,2,0,0,0,0,0,2,4,6,4,3,2,1,0,0,0,0,0,5,10,16,0,0,0,0,0,0,0,2,5,8,5,2,0,0,0,0,7,4,2,0,0,0,0,0,0,1,0,0,0,12,24,37,0,5,10,16,15,15,15,10,5,0,4,8,13,81,149,217,13,8,4,0,0,0,0,5,10,16,31,47,63,126,190,254,0,3,6,9,6,3,0,0,0,1,33,66,99,151,203,255,0,0,0,0,0,0,0,5,11,17,40,63,86,140,194,249,6,5,4,3,2,1,0,0,0,0,13,26,39,109,179,250,0,0,0,0,5,10,16,13,11,9,6,3,0,44,88,132,12,8,4,0,0,0,0,2,4,6,4,2,0,0,0,0,0,4,8,13,8,4,0,0,0,0,0,0,0,2,4,6,0,0,0,0,0,0,0,6,12,18,15,12,10,6,3,0,0,1,2,4,2,1,0,1,2,3,2,1,0,1,2,4
4,3,3,3,2,1,0,1,3,5,4,3,2,1,0,0,0,0,0,0,0,0,0,0,0,0,0,0,0,0,1,2,6,4,2,1,4,7,11,7,3,0,0,0,0,1,2,4,1,0,0,0,0,0,0,0,0,0,22,45,68,67,66,65,0,0,0,0,2,4,6,26,47,68,130,192,255,255,255,255,9,9,9,10,6,3,0,14,28,43,109,175,241,208,175,142,0,0,0,0,0,1,2,23,44,65,128,191,255,216,178,140,8,5,2,0,0,0,0,18,36,54,119,184,250,209,169,129,0,0,0,0,0,0,0,19,38,58,122,187,252,212,172,133,3,4,5,7,5,4,3,17,31,46,115,185,255,213,172,131,0,1,2,4,7,10,13,24,35,46,115,185,255,228,202,176,8,5,2,0,0,0,0,16,33,50,118,186,255,255,255,255,3,2,1,1,2,3,4,2,1,0,0,0,1,0,0,0,8,5,2,0,0,0,0,3,7,11,7,3,0,1,3,5,0,0,0,0,0,0,0,3,6,10,6,3,0,0,0,1,1,3,5,7,4,2,0,0,0,0,3,7,11,7,3,0
1,3,5,7,4,2,0,0,0,0,2,5,8,5,2,0,0,0,1,2,3,4,6,5,4,3,2,1,0,3,6,9,0,0,0,0,1,3,5,5,5,6,4,2,0,2,4,7,9,6,3,0,0,0,0,0,0,1,2,3,5,8,11,15,0,0,0,0,0,0,0,1,2,3,2,1,0,0,0,0,0,2,4,6,6,7,8,5,2,0,0,0,0,12,25,38,7,5,3,2,1,0,0,0,0,0,9,18,28,87,146,206,5,3,1,0,0,0,0,5,10,15,31,47,63,127,191,255,0,0,0,0,0,0,0,0,0,1,46,92,138,175,212,249,0,1,2,4,5,6,7,4,2,0,33,66,99,148,198,248,10,6,3,0,0,0,0,0,0,0,27,54,81,137,193,250,0,0,0,0,4,8,13,11,9,7,6,6,6,53,101,149,12,8,4,0,0,0,0,1,2,3,2,1,0,1,2,4,0,0,0,0,0,0,0,3,6,9,9,9,10,8,6,5,1,2,4,6,5,4,3,2,1,0,0,0,0,0,0,0,5,3,1,0,0,0,0,0,0,1,2,3,5,5,6,7
6,4,2,0,0,1,2,3,5,7,4,2,0,0,0,0,4,2,1,0,0,0,0,0,0,0,1,2,4,2,1,0,0,0,0,0,0,1,2,2,3,4,3,3,3,3,3,3,5,6,8,10,8,6,4,2,1,0,0,0,0,32,65,98,0,0,0,0,2,4,6,4,2,1,4,8,12,90,168,246,3,2,1,0,3,6,9,6,3,1,0,0,0,80,161,242,7,4,2,0,0,0,0,0,0,1,0,0,0,85,170,255,0,0,0,0,0,1,2,3,4,6,4,2,0,78,157,236,0,0,0,0,0,0,1,3,5,8,5,2,0,82,165,248,9,6,3,0,0,0,0,3,6,9,6,3,0,84,168,253,0,2,5,8,8,9,10,6,3,0,0,0,0,79,158,237,0,3,6,9,6,3,0,0,0,0,4,9,14,94,174,254,4,4,5,6,4,2,0,0,1,2,1,0,0,1,2,4,0,0,0,0,0,0,0,6,12,19,19,20,21,14,7,0,5,7,9,11,7,3,0,0,0,0,0,0,0,0,0,0,0,0,0,0,0,0,0,3,7,11,7,3,0,3,6,10
10,6,3,0,2,4,6,4,2,0,1,3,5,3,1,0,0,6,12,18,12,6,0,0,0,0,0,0,0,0,0,0,0,0,0,0,0,0,0,6,12,19,15,12,9,6,3,0,6,6,6,6,5,5,5,3,1,0,0,0,0,6,12,18,0,0,0,0,0,0,0,0,0,0,8,17,26,18,11,4,16,10,5,0,0,0,0,6,12,19,12,6,0,0,0,0,0,0,0,1,1,2,3,2,1,0,0,0,0,63,127,191,0,1,2,4,2,1,0,0,0,0,22,44,67,124,181,238,4,2,1,0,0,0,0,0,0,0,37,74,111,137,164,191,0,5,10,15,10,5,0,3,6,9,33,57,82,125,168,211,13,8,4,0,0,0,0,0,0,0,10,20,30,102,174,246,0,5,10,15,10,5,0,2,4,7,4,2,0,43,86,130,9,6,3,0,0,0,0,0,0,0,0,1,2,1,0,0,0,2,4,6,4,2,0,2,4,7,8,10,12,8,4,0,6,4,2,0,5,11,17,11,5,0,0,0,0,9,18,27,0,2,5,8,5,2,0,1,3,5,8,12,16,10,5,0
0,0,0,0,2,5,8,5,2,0,0,0,0,0,1,2,10,7,5,3,3,3,4,2,1,0,0,0,0,5,10,16,0,1,3,5,3,1,0,0,1,2,2,2,2,2,2,3,0,3,7,11,7,3,0,2,4,6,4,2,1,0,0,0,12,9,6,3,2,1,0,0,0,0,2,4,7,59,111,163,0,0,0,0,4,9,14,13,12,11,7,3,0,71,142,214,0,0,0,0,1,2,3,2,1,0,4,9,14,87,161,235,0,3,7,11,7,3,0,1,2,4,26,48,70,105,141,177,3,2,2,2,1,0,0,0,0,0,38,77,116,119,122,126,3,2,1,0,4,8,13,11,10,9,69,130,191,149,107,66,0,0,0,0,2,5,8,7,6,6,73,140,208,144,80,17,4,2,1,0,0,0,0,14,29,44,114,184,255,239,224,209,0,4,8,13,10,7,5,3,1,0,2,4,6,4,2,0,2,1,0,0,1,3,5,3,1,0,0,0,0,3,6,9,2,1,0,0,6,13,20,14,8,3,2,1,1,0,0,0,0,1,2,3,2,1,0,0,0,0,2,5,8,6,5,4
4,3,2,1,0,0,0,0,0,0,0,0,0,1,3,5,0,0,0,0,2,4,6,6,6,6,4,2,0,0,0,0,5,3,2,1,0,0,0,0,0,0,0,0,0,1,2,3,1,0,0,0,0,0,1,2,3,4,3,3,3,2,1,0,0,0,0,0,1,3,5,5,6,7,4,2,0,0,0,0,8,5,2,0,0,0,0,0,0,0,1,2,4,3,2,1,2,1,0,0,0,0,0,2,5,8,8,9,10,7,4,2,0,1,3,5,6,7,8,5,2,0,0,0,0,6,12,18,2,1,0,0,1,3,5,3,1,0,1,3,5,58,112,166,0,0,0,0,2,4,6,4,2,0,39,78,118,122,126,131,4,2,1,0,0,0,0,0,0,0,55,111,167,135,104,73,2,5,9,13,13,13,13,8,4,0,35,70,105,141,177,214,0,0,0,0,1,2,3,2,1,0,1,2,3,10,17,24,22,14,7,0,1,3,5,9,13,18,12,6,0,0,0,0,0,1,2,4,2,1,0,0,0,0,5,10,15,10,5,0,0,3,6,9,6,3,0,4,8,13,8,4,0,0,0,0
0,0,0,0,0,1,2,1,0,0,2,4,7,5,3,1,1,2,3,5,3,1,0,1,2,4,2,1,0,0,1,2,0,0,0,0,0,0,0,0,0,0,3,6,10,7,4,2,0,0,0,0,3,6,10,9,8,7,54,101,148,142,136,130,10,9,9,9,6,3,0,0,0,0,82,165,248,250,252,255,0,4,8,12,8,4,0,5,10,15,94,173,252,239,226,214,2,5,8,12,8,4,0,2,5,8,86,165,244,237,231,225,0,0,0,0,3,7,11,8,5,3,85,167,249,240,231,222,3,2,1,0,2,4,7,4,2,0,85,170,255,246,237,229,0,2,4,6,4,2,0,0,0,0,79,158,237,229,222,215,0,1,3,5,7,10,13,8,4,0,85,170,255,249,244,239,8,5,2,0,0,0,0,0,0,0,84,168,252,253,254,255,0,5,10,16,13,10,7,5,3,1,3,5,8,5,2,0,0,0,0,0,0,0,0,3,6,9,6,3,0,2,4,6,7,5,3,2,5,8,11,7,3,0,0,0,0,0,0,0,0,3,7,11,7,3,0,0,0,0,0,0,0,5,10,15
3,2,1,0,0,0,0,2,4,7,4,2,0,1,2,4,0,0,0,0,0,0,0,2,4,6,4,2,0,2,4,7,1,3,6,9,6,3,0,0,0,0,0,0,0,0,0,0,0,1,2,4,2,1,0,2,5,8,9,11,13,8,4,0,0,0,0,0,0,0,0,2,4,6,5,4,3,2,1,0,0,2,5,8,6,4,2,1,0,0,0,0,0,23,46,69,0,1,2,3,4,5,6,4,2,0,5,11,17,81,145,209,3,2,1,0,0,0,0,3,6,9,26,44,62,126,190,255,0,0,0,0,1,2,3,3,4,5,42,79,116,162,208,255,1,1,1,2,2,2,3,2,1,0,28,57,86,142,198,255,5,3,1,0,0,0,0,0,0,0,17,35,53,116,180,244,0,2,4,7,8,9,10,7,4,1,0,0,0,42,85,128,7,5,3,1,0,0,0,2,5,8,6,4,3,5,7,10,0,4,8,12,8,4,0,1,2,4,2,1,0,0,0,0,1,1,2,3,2,1,0,0,0,1,5,9,13,11,9,7,3,2,1,0,0,1,2,3,4,5,3,1,0,0,0,0
0,1,3,5,3,1,0,0,0,0,0,0,0,0,0,0,3,2,1,1,0,0,0,6,12,18,13,8,4,2,1,0,0,0,0,1,0,0,0,0,0,0,0,0,0,1,2,3,0,4,9,14,9,5,1,5,10,15,51,88,125,124,123,122,2,1,0,0,0,0,0,0,0,1,57,113,169,124,79,34,0,2,4,7,6,6,6,4,2,0,62,124,186,124,62,0,0,2,4,7,8,10,12,8,4,0,56,112,169,113,57,2,9,6,3,0,0,0,0,3,6,9,64,119,174,116,58,1,7,4,2,0,2,4,6,5,4,3,58,113,168,113,58,3,4,2,1,0,1,3,5,3,1,0,60,120,181,121,62,3,1,0,0,0,2,5,8,5,2,0,57,114,172,117,63,9,7,4,2,0,0,0,0,4,8,13,78,144,210,191,172,154,0,1,3,5,7,9,12,8,4,0,3,7,11,7,3,0,10,8,6,4,2,1,0,0,0,0,0,0,0,4,8,12,0,0,0,0,1,2,3,3,3,3,2,1,0,1,2,3,1,1,1,2,2,2,3,2,1,0,2,4,7,4,2,0
8,6,4,3,2,1,0,0,0,0,2,4,6,4,2,0,0,0,0,0,2,4,7,5,4,3,2,1,0,0,0,1,4,2,1,0,0,0,0,4,8,12,8,4,1,4,7,10,0,4,8,13,11,9,8,5,2,0,0,0,0,2,4,6,0,0,0,0,0,0,0,2,5,8,13,18,23,15,7,0,6,6,7,8,6,4,2,1,0,0,0,0,0,0,0,0,0,2,5,8,5,2,0,0,0,0,10,20,31,74,118,162,7,4,2,0,0,0,1,4,7,11,12,13,14,57,100,144,0,1,2,4,4,4,4,4,4,4,28,52,77,81,86,91,15,10,5,0,0,0,0,2,4,7,19,32,45,73,102,131,0,0,0,0,9,18,28,19,11,3,7,12,17,68,120,172,0,6,13,20,13,6,0,0,0,0,3,7,11,44,78,112,3,2,1,0,2,5,8,5,2,0,2,4,7,5,3,2,3,2,1,0,0,0,0,4,8,13,9,6,3,2,1,0,3,2,1,0,2,4,7,4,2,0,0,0,0,8,16,25,0,2,5,8,5,2,0,0,0,0,2,5,8,5,2,0
0,0,0,0,3,6,10,8,7,6,4,2,0,6,13,20,9,7,5,3,2,1,0,0,0,0,1,3,5,3,2,1,0,1,2,3,2,1,0,0,0,0,7,14,22,14,7,0,0,1,2,4,5,6,7,14,22,30,53,76,100,108,116,125,5,3,1,0,0,0,0,8,17,26,60,95,130,168,207,246,5,3,1,0,0,0,0,0,0,0,28,56,84,139,194,250,0,0,1,2,5,8,12,10,8,6,31,56,81,139,197,255,1,1,1,1,1,2,3,2,1,0,28,56,85,141,198,255,0,0,0,0,4,8,13,8,4,0,32,64,97,149,201,253,0,2,4,7,4,2,0,0,0,0,30,60,90,145,200,255,0,0,1,2,1,0,0,4,9,14,46,78,111,148,186,224,11,7,3,0,3,6,9,16,23,31,71,111,151,171,191,212,0,0,0,0,0,0,0,0,0,0,9,18,28,18,9,0,3,6,9,13,8,4,0,0,0,0,0,0,0,0,0,0,0,0,0,0,1,2,3,6,9,13,10,7,4,5,6,8,12,8,4,0,0,0,1,0,0,0,1,2,3,2,1,0
4,2,1,0,1,3,5,4,4,4,2,1,0,0,0,0,8,5,2,0,0,0,0,0,0,0,0,0,1,2,3,5,2,1,1,1,0,0,0,0,0,0,0,1,2,1,0,0,0,0,0,1,0,0,0,1,2,4,6,9,12,9,7,5,4,5,6,8,5,2,0,0,0,0,0,0,0,0,0,0,0,0,0,0,0,0,0,2,5,8,10,12,15,11,8,5,7,5,3,1,0,0,0,0,0,0,0,0,0,0,0,0,0,0,0,0,0,0,0,0,0,0,4,9,14,39,64,90,0,0,0,0,5,10,15,10,5,0,20,41,62,126,190,255,15,10,5,0,0,0,0,0,0,0,35,70,105,152,199,246,0,1,2,4,7,11,15,10,5,0,39,78,117,163,209,255,13,10,7,5,3,1,0,0,0,0,23,47,71,125,179,234,4,2,1,0,0,0,0,3,7,11,10,10,10,50,91,132,0,0,0,0,0,0,0,4,8,12,8,4,0,0,0,0,0,6,13,20,16,12,9,7,5,4,5,6,7,4,2,0,4,2,1,0,0,0,0,0,0,0,0,0,0,1,2,4
0,4,8,12,8,4,0,1,2,4,2,1,0,0,0,0,0,2,4,7,6,5,5,8,11,15,11,7,3,2,2,2,1,0,0,0,0,0,0,0,0,0,2,5,8,7,6,6,7,5,4,3,2,1,0,4,8,13,69,125,182,204,226,248,0,3,6,9,6,3,0,0,0,0,62,124,187,179,171,164,0,5,10,16,10,5,0,0,0,0,65,130,195,186,178,170,0,1,2,4,2,1,0,0,0,0,62,125,188,181,175,169,6,4,2,0,0,0,0,4,8,12,67,122,178,175,172,169,3,2,1,0,0,0,0,0,0,0,63,126,190,182,174,167,5,6,8,10,9,9,9,6,4,2,63,125,187,179,171,163,0,0,0,0,0,0,0,0,1,2,62,122,183,178,173,168,14,9,5,1,0,0,0,2,5,8,65,123,181,205,230,255,4,2,1,0,1,3,5,3,1,0,0,1,2,5,8,12,0,0,0,0,3,7,11,9,8,7,4,2,0,0,0,0,4,3,3,3,2,1,0,0,1,2,1,0,0,0,0,0,0,4,8,13,8,4,0,0,0,1,3,6,9,6,3,0
0,0,0,0,5,11,17,12,7,3,3,3,4,2,1,0,14,9,4,0,0,0,0,0,0,0,0,1,2,1,0,0,0,3,7,11,10,9,8,5,2,0,0,0,0,2,4,7,9,6,3,0,0,0,0,0,1,2,8,15,22,14,7,0,4,2,1,0,3,7,11,7,3,0,2,5,8,5,2,0,0,0,0,0,2,4,6,4,2,0,1,2,3,2,1,0,8,5,2,0,0,0,0,4,8,13,8,4,0,17,34,51,0,5,11,17,11,5,0,0,0,1,9,17,25,85,145,206,0,0,0,0,0,0,1,1,1,1,25,50,75,132,189,247,8,5,2,0,3,6,9,6,3,0,36,73,110,154,198,242,0,0,0,0,0,0,0,6,12,19,40,62,84,135,187,239,7,10,13,17,12,7,3,2,1,0,6,12,19,93,167,242,0,0,0,0,2,4,7,4,2,0,1,2,4,28,53,78,0,7,15,23,19,15,11,7,3,0,2,5,8,5,2,0,0,2,4,7,4,2,0,0,0,0,6,12,18,13,9,5,5,3,1,0,6,12,18,12,6,0,0,1,2,1,0,0
0,0,0,0,0,0,1,1,1,2,3,4,5,3,1,0,9,7,5,4,2,1,0,0,0,0,2,5,8,5,2,0,0,0,0,0,3,7,11,8,5,2,1,0,0,1,2,4,26,17,8,0,1,3,5,12,19,26,68,110,153,187,221,255,0,0,0,0,6,12,18,12,6,0,58,116,174,197,220,243,0,2,5,8,5,2,0,0,0,0,81,162,243,247,251,255,7,5,3,2,1,0,0,11,22,33,107,181,255,253,252,251,0,0,0,0,4,8,12,40,69,98,144,190,236,232,228,224,3,2,1,0,0,0,0,52,105,158,188,219,250,222,194,167,0,0,1,2,6,10,14,78,142,206,222,238,255,203,151,99,11,7,3,0,6,12,18,91,164,238,243,249,255,182,109,37,0,10,20,30,54,78,102,153,204,255,253,251,249,189,129,69,13,9,5,2,1,0,0,0,0,0,4,9,14,9,4,0,0,0,0,0,5,10,16,10,5,0,0,0,0,0,0,0,18,12,6,0,0,0,1,1,1,1,2,4,6,4,2,0,0,1,2,4,3,3,3,2,1,0,0,0,0,1,2,3
0,0,0,0,0,1,2,1,0,0,2,5,8,8,9,10,0,0,0,0,1,3,5,5,5,5,3,1,0,0,0,0,1,2,4,6,7,8,9,6,3,0,0,0,0,3,7,11,1,0,0,0,0,0,0,0,0,1,3,5,7,4,2,0,0,4,9,14,9,4,0,0,0,0,3,7,11,7,3,0,0,6,12,19,14,9,4,3,2,1,0,0,0,0,0,0,3,2,1,0,0,0,0,5,10,15,10,5,0,5,10,16,5,3,2,1,1,2,3,2,1,0,2,4,7,63,119,175,0,2,4,7,4,2,0,0,0,0,26,53,80,138,196,255,0,1,2,4,2,1,0,4,8,12,62,112,162,193,224,255,2,2,3,4,2,1,0,4,8,13,69,125,181,201,221,241,0,2,4,6,6,6,7,4,2,0,34,68,103,153,203,254,7,4,2,0,4,8,12,13,14,16,10,5,0,5,11,17,8,5,2,0,0,0,0,0,0,0,0,0,0,2,4,7,11,10,9,8,5,2,0,0,1,2,1,1,1,0,0,0,0,0,1,2,4,6,8,5,2,0,0,0,0,0,1,2
0,4,9,14,9,4,0,3,7,11,8,5,2,1,0,0,8,5,2,0,0,0,0,0,0,0,0,0,0,3,7,11,1,0,0,0,2,4,7,5,4,3,2,1,0,0,0,1,2,6,10,14,9,4,0,0,0,0,0,0,0,4,8,12,0,3,6,9,6,3,0,5,10,15,11,8,5,7,9,11,9,6,3,0,0,0,0,0,0,0,0,0,0,20,41,62,0,0,0,0,2,4,6,5,4,3,2,1,1,27,54,81,0,5,11,17,11,5,0,1,2,3,2,1,1,33,65,98,0,2,4,6,4,2,0,2,4,7,5,3,1,26,51,77,0,0,0,0,0,0,0,0,0,1,3,6,9,30,51,72,14,10,7,4,2,1,0,0,0,0,5,11,17,29,41,54,0,0,0,0,0,1,2,7,12,18,31,45,59,69,79,90,4,2,1,0,0,0,0,0,0,0,4,8,12,11,11,11,0,0,1,2,1,0,0,0,0,0,0,0,1,0,0,0,0,3,6,9,6,3,0,1,2,4,4,4,5,5,5,6,0,3,6,9,6,3,0,0,0,0,0,0,0,1,2,3
0,0,0,0,0,0,0,3,6,9,7,5,3,3,3,3,0,2,4,6,5,4,4,4,4,5,3,1,0,0,0,0,0,0,0,0,5,10,15,10,5,0,2,5,8,15,23,31,6,4,2,0,0,0,0,5,10,15,10,5,0,0,0,0,0,3,7,11,10,10,10,6,3,0,0,0,0,2,5,8,0,5,10,15,10,5,0,3,6,10,6,3,0,11,22,33,2,3,4,5,3,1,0,0,0,0,0,1,2,32,63,94,3,2,1,0,3,6,9,10,11,13,13,13,13,53,94,135,9,6,3,0,0,0,1,3,6,9,20,31,42,43,44,46,0,0,0,0,2,5,8,5,2,0,3,7,11,24,37,50,0,0,0,0,6,12,18,12,6,0,4,8,13,31,50,69,3,2,1,0,0,0,0,0,0,0,0,0,0,2,5,8,16,10,5,0,2,4,6,9,12,15,10,5,0,0,0,0,0,0,0,0,0,0,0,1,2,3,2,1,0,0,0,0,1,4,8,12,9,6,4,2,1,0,0,0,0,0,0,0,1,3,5,8,5,2,0,0,0,0,1,3,5,3,1,0
4,3,2,1,0,0,0,3,7,11,7,3,0,0,0,0,0,1,2,3,2,1,0,2,5,8,8,8,9,6,3,0,1,5,9,13,8,4,0,0,0,0,0,0,0,3,6,10,0,4,9,14,9,4,0,0,0,0,1,2,3,46,90,134,0,3,7,11,7,3,0,3,6,10,6,3,0,79,159,239,7,5,4,3,2,1,0,2,4,7,4,2,0,81,162,244,9,6,3,0,0,0,0,0,0,0,2,5,8,85,163,241,0,0,0,0,6,12,19,12,6,0,2,4,6,82,159,236,5,3,1,0,0,0,1,0,0,0,2,4,7,85,163,241,0,2,5,8,6,5,4,2,1,0,0,0,0,81,162,243,0,5,10,16,11,7,3,2,1,0,0,0,0,82,165,248,0,0,0,0,0,0,0,0,0,0,6,12,19,86,153,221,1,0,0,0,4,8,12,10,9,8,5,2,0,2,4,7,4,2,1,0,2,5,8,5,2,0,1,3,5,3,1,0,1,0,0,0,0,1,2,1,0,0,5,10,15,10,5,0,0,1,2,3,2,1,0,0,0,0,2,5,8,5,2,0
11,7,3,0,2,4,7,5,3,1,0,0,0,5,11,17,0,3,7,11,7,3,0,1,3,5,4,3,3,2,1,0,0,3,7,11,7,3,0,0,0,0,0,0,0,5,11,17,7,4,2,0,2,4,6,6,6,6,4,2,0,0,0,0,16,10,5,0,0,0,0,0,0,0,0,0,0,0,0,0,0,0,0,0,0,0,0,0,1,2,11,20,29,83,137,191,0,5,11,17,13,9,5,4,3,2,11,20,30,102,174,247,0,1,2,3,2,1,0,0,1,2,39,77,115,161,207,253,0,4,8,12,8,4,0,1,2,4,36,68,101,152,203,255,8,5,2,0,0,1,2,1,0,0,7,14,22,90,158,227,4,2,1,0,3,6,9,10,11,13,8,4,0,26,52,78,0,2,5,8,5,2,0,0,0,0,8,16,24,16,8,0,0,1,3,5,4,3,3,2,1,0,0,0,0,0,0,1,7,4,2,0,0,0,0,4,8,12,8,4,0,6,12,19,0,4,8,12,11,10,10,6,3,0,0,0,0,1,2,4,10,6,3,0,0,0,0,4,8,13,10,7,4,2,1,0
2,4,7,10,6,3,0,0,0,0,1,2,3,2,1,1,0,1,2,4,4,4,5,4,4,4,6,8,10,6,3,0,8,5,2,0,0,0,1,0,0,0,0,0,0,0,0,0,0,0,0,0,0,0,0,0,0,0,4,8,12,28,44,60,10,11,12,13,8,4,0,3,6,10,25,41,57,120,183,247,0,0,0,0,0,0,0,0,0,0,16,32,49,117,186,255,12,12,12,12,8,4,0,0,0,0,16,32,48,117,186,255,0,0,0,0,2,4,7,6,5,5,18,31,44,114,184,255,7,4,2,0,0,0,0,0,1,2,19,36,54,121,188,255,0,2,4,7,5,3,2,1,0,0,13,26,39,110,181,252,0,4,8,13,8,4,0,2,4,7,21,35,49,117,186,255,2,1,0,0,0,0,0,2,4,6,23,40,57,119,181,244,6,4,2,0,1,3,5,5,5,5,3,1,0,4,9,14,0,0,0,0,1,2,3,2,1,0,0,0,0,0,0,0,0,1,2,4,3,3,3,2,1,0,2,4,6,4,2,0,0,5,10,16,10,5,0,0,0,0,0,0,0,0,0,0
10,6,3,0,1,2,4,3,2,1,0,0,0,0,0,0,0,0,0,0,0,0,0,2,4,6,6,7,8,8,9,10,0,6,12,18,12,6,0,0,0,0,0,0,0,0,0,0,0,0,0,0,0,0,0,0,0,1,6,11,16,10,5,0,13,8,4,0,0,0,0,2,4,6,4,2,0,6,12,19,0,3,7,11,7,3,0,3,6,9,9,10,11,73,135,198,0,5,10,15,10,5,0,0,1,2,28,54,80,137,194,251,3,2,1,0,1,3,5,3,2,1,44,87,131,171,211,251,0,3,6,9,6,3,0,0,0,1,39,78,117,163,209,255,0,0,0,0,0,0,0,0,1,2,25,49,73,128,183,238,0,1,2,3,3,3,4,4,4,4,2,1,0,42,85,128,9,6,4,2,1,0,0,1,2,4,2,1,0,0,0,0,0,1,3,5,6,8,10,6,3,0,4,8,13,9,5,2,11,7,3,0,1,3,5,3,1,0,0,0,0,1,2,4,4,2,1,0,0,0,0,4,8,13,9,5,1,2,4,6,0,3,7,11,7,3,0,0,0,0,0,0,0,0,0,0
0,0,0,0,1,2,3,4,5,7,4,2,0,4,8,13,1,0,0,0,0,0,0,2,4,7,4,2,0,0,1,2,3,3,4,5,3,1,0,2,4,6,4,2,0,0,0,0,0,1,3,5,3,1,0,1,2,3,3,3,4,38,73,108,0,2,4,6,4,2,0,0,0,0,2,4,7,83,159,236,0,1,2,4,4,4,4,2,1,0,0,0,0,80,160,241,0,0,0,0,2,4,6,7,9,11,9,7,5,81,157,234,6,5,4,4,2,1,0,0,0,0,0,1,2,85,168,251,0,2,4,7,4,2,0,0,0,0,1,2,3,81,159,237,4,2,1,0,0,0,0,1,2,3,4,5,7,83,159,235,0,1,2,3,5,8,11,7,3,0,0,0,0,77,155,233,0,1,2,3,3,3,3,2,1,0,3,7,11,92,173,255,12,8,5,2,3,4,6,4,2,0,0,0,0,1,3,5,0,0,0,0,1,2,3,6,9,12,13,14,15,10,5,0,3,2,1,0,2,4,7,4,2,0,0,0,0,0,0,0,7,4,2,0,1,3,5,3,1,0,0,1,2,2,2,3
13,8,4,0,5,10,15,13,11,9,6,3,0,2,5,8,0,6,12,19,12,6,0,0,0,0,2,4,7,4,2,0,0,0,0,0,0,0,0,4,9,14,12,11,10,11,12,13,20,13,6,0,3,6,9,6,4,2,1,0,0,0,0,0,0,4,8,12,12,12,13,8,4,0,6,13,20,15,10,6,17,11,5,0,0,0,0,5,10,15,10,5,0,55,110,165,0,7,14,21,14,7,0,1,2,3,18,34,50,106,162,218,4,2,1,0,0,0,0,2,4,6,38,71,104,148,192,236,0,3,6,9,6,3,0,0,0,0,35,70,106,145,184,224,9,6,3,0,0,0,0,3,7,11,11,11,12,88,164,240,0,3,6,10,6,3,0,1,2,4,6,9,12,38,64,90,22,14,7,0,2,4,7,4,2,0,0,1,2,4,7,10,0,5,10,16,10,5,0,4,9,14,9,5,1,3,6,9,11,7,3,0,6,12,18,12,6,0,1,2,3,2,1,0,7,4,2,0,5,10,15,13,11,10,6,3,0,0,0,0,0,3,6,10,6,3,0,0,0,0,0,1,2,1,0,0
0,0,0,1,0,0,0,0,0,0,0,0,0,3,6,10,8,5,2,0,0,0,0,1,2,4,7,10,13,8,4,0,0,5,10,15,13,11,9,6,3,0,0,0,0,0,0,0,0,3,7,11,7,3,0,0,0,0,2,4,6,7,8,10,0,0,1,2,1,1,1,1,2,3,2,1,0,0,0,0,8,5,2,0,0,0,0,2,4,6,8,10,12,8,4,0,0,0,1,2,5,8,11,7,3,0,0,0,0,5,10,16,5,3,1,0,0,0,0,0,0,0,1,3,5,27,49,72,4,2,1,0,0,0,0,0,0,0,1,2,3,39,75,111,5,3,1,0,4,8,13,11,9,7,4,2,0,64,128,193,0,0,0,0,1,2,3,2,1,0,0,0,0,78,157,236,6,6,6,6,4,2,0,0,0,0,17,34,52,118,184,250,0,0,0,0,0,0,0,0,0,0,0,0,0,3,6,9,14,9,4,0,1,3,5,8,11,14,9,4,0,0,0,0,0,0,0,0,0,0,0,2,5,8,6,4,3,2,1,1,0,3,7,11,7,4,1,0,0,0,0,0,1,0,0,0
0,0,0,0,0,0,0,0,0,1,3,5,8,5,2,0,1,5,9,13,8,4,0,1,2,3,2,1,0,2,4,7,0,0,0,0,6,12,19,12,6,0,0,0,0,3,6,9,0,0,1,2,1,0,0,1,2,3,6,10,14,9,4,0,8,5,2,0,0,0,0,1,2,4,2,1,0,8,17,26,3,2,1,0,2,4,7,4,2,0,0,0,0,1,2,3,0,2,4,7,5,3,2,6,11,16,10,5,0,12,24,37,3,4,5,6,4,2,0,0,0,0,3,6,10,44,78,113,0,2,5,8,5,2,0,5,10,15,11,8,5,46,87,129,3,2,1,0,2,4,6,4,2,0,1,2,3,33,63,93,0,0,0,0,9,19,29,19,9,0,2,4,6,4,2,0,12,9,6,3,2,1,0,0,0,0,1,2,4,2,1,0,0,2,4,6,4,2,0,1,2,4,3,2,1,2,3,4,0,1,3,5,3,1,0,0,0,0,0,0,0,1,2,3,0,0,0,0,0,0,1,0,0,0,3,6,10,9,8,8,0,0,0,0,0,0,0,3,6,9,6,3,0,0,0,1
6,4,2,0,2,4,6,5,4,3,2,1,0,4,8,13,1,4,7,10,8,6,5,3,1,0,1,2,4,2,1,0,0,1,2,4,2,1,0,1,2,3,3,3,3,2,1,1,7,5,3,1,0,0,0,3,7,11,7,3,0,48,96,144,1,1,2,3,2,1,1,4,8,12,8,4,0,85,170,255,0,2,4,6,4,2,0,0,0,0,2,5,8,88,168,248,12,12,12,13,8,4,0,0,0,0,4,8,13,91,169,248,0,0,0,0,1,2,4,5,6,8,5,2,0,85,170,255,8,5,2,0,0,0,0,1,3,5,5,5,5,84,163,242,0,0,0,0,2,4,6,4,2,0,0,0,0,85,170,255,0,0,0,1,3,6,9,6,3,0,1,2,3,87,171,255,6,4,2,0,0,0,0,0,0,0,7,15,23,91,160,229,4,3,2,2,3,4,5,5,6,7,4,2,0,0,0,0,0,0,0,1,0,0,0,0,0,0,1,3,5,3,1,0,0,0,0,0,1,3,5,3,1,0,2,5,8,7,6,6,2,1,0,0,2,5,8,5,2,0,0,0,0,4,8,13
0,0,0,0,3,6,10,6,3,0,5,11,17,11,5,0,11,9,7,6,4,2,0,3,6,10,6,3,0,3,7,11,0,3,6,9,6,3,0,1,3,5,3,1,0,0,0,0,0,2,4,6,4,2,0,0,0,0,5,11,17,11,5,0,17,11,5,0,0,0,0,0,0,0,0,0,0,10,20,30,0,0,0,0,0,1,2,7,12,17,13,9,5,69,134,199,12,11,10,9,6,3,0,0,0,0,15,31,47,115,184,253,0,1,2,3,4,6,8,5,2,0,36,73,110,158,206,255,1,0,0,0,0,0,0,1,2,4,33,62,92,146,200,255,5,3,1,0,1,2,4,2,1,0,7,15,23,100,177,254,0,1,2,4,3,2,1,2,4,6,4,2,0,27,55,83,0,5,10,16,10,5,0,0,0,0,6,13,20,13,6,0,0,1,2,3,6,10,14,9,4,0,0,0,0,0,0,0,13,8,4,0,2,5,8,8,9,10,6,3,0,1,2,4,0,3,6,9,8,8,8,5,2,0,0,0,0,3,6,9,3,4,5,7,4,2,0,1,3,5,5,6,7,4,2,0
0,3,6,9,6,3,0,0,0,0,5,11,17,11,5,0,0,0,0,1,0,0,0,0,0,0,0,0,1,0,0,0,4,2,1,0,2,4,6,5,5,5,3,1,0,0,0,0,6,4,2,0,0,0,0,0,0,0,2,5,8,51,94,138,0,0,0,0,1,3,5,3,1,0,0,0,0,54,108,163,0,1,2,4,4,4,4,2,1,0,0,0,0,64,129,194,0,0,1,2,4,6,8,6,4,2,1,0,0,53,106,159,8,5,2,0,0,0,0,1,2,3,5,7,10,72,134,196,0,6,12,19,13,7,2,1,0,0,3,6,9,60,112,164,2,1,0,0,0,0,0,0,0,0,5,10,15,69,123,177,4,3,2,2,3,4,5,3,1,0,0,0,0,58,117,176,0,0,0,0,2,5,8,5,2,0,1,2,3,67,131,195,1,0,0,0,1,3,5,6,8,10,6,3,0,4,8,13,6,4,2,0,0,0,0,0,0,0,0,0,0,0,0,0,0,2,5,8,8,9,10,6,3,0,1,2,3,4,5,6,2,1,0,0,0,0,0,0,0,0,0,0,0,0,1,2
0,0,0,1,1,1,2,1,0,0,2,4,6,4,2,0,0,5,11,17,11,5,0,0,0,0,0,0,0,9,18,27,0,0,0,0,0,0,0,9,18,28,21,14,7,4,2,0,6,4,2,0,1,2,4,2,1,0,0,0,0,0,0,0,5,3,1,0,6,12,19,14,10,6,4,2,0,1,2,3,0,3,6,9,6,4,2,1,0,0,3,6,10,53,96,139,7,4,2,0,0,0,0,3,7,11,18,26,34,72,110,148,7,4,2,0,2,5,8,5,3,1,21,42,63,108,154,200,1,3,6,9,6,3,0,1,2,3,27,52,77,86,96,106,0,0,0,0,5,10,16,11,6,2,2,2,2,68,134,201,0,5,10,16,10,5,0,0,0,0,4,9,14,30,46,62,13,8,4,0,3,6,10,8,7,6,4,2,0,0,0,0,7,6,5,4,2,1,0,2,4,6,4,2,0,4,8,12,0,0,1,2,4,7,10,6,3,0,6,13,20,13,6,0,7,7,7,8,5,2,0,1,2,4,2,1,0,0,0,0,0,0,0,0,0,0,1,3,5,8,5,2,0,4,9,14
0,2,5,8,6,5,4,2,1,0,0,1,2,1,0,0,0,0,1,2,1,0,0,1,2,3,2,2,2,1,0,0,5,4,3,3,2,1,0,0,0,0,1,2,3,7,11,16,4,3,2,2,1,0,0,0,0,1,9,17,25,46,67,88,0,1,2,3,3,4,5,3,1,0,6,13,20,51,83,115,2,1,1,1,1,1,1,0,0,0,2,4,6,34,62,91,4,2,1,0,0,0,0,0,0,1,3,5,7,37,67,97,4,3,2,1,3,5,7,5,4,3,2,1,0,29,59,89,0,1,3,5,3,2,1,0,0,0,3,6,9,33,58,83,0,1,3,5,3,1,0,1,3,5,3,1,0,30,60,90,0,0,0,0,0,0,0,3,7,11,7,3,0,34,69,104,12,8,4,0,0,0,0,0,0,0,12,24,37,77,118,159,2,1,0,0,3,6,9,6,3,0,1,2,3,9,15,22,0,0,0,0,0,0,0,0,0,0,0,0,0,0,0,0,4,3,3,3,6,9,13,12,12,12,8,4,0,0,0,0,8,5,2,0,2,5,8,5,2,0,1,2,4,6,8,10
3,2,2,2,1,0,0,0,0,0,4,8,13,8,4,0,0,0,1,2,2,2,3,2,1,0,1,2,4,2,1,0,1,1,2,3,4,5,6,4,2,0,0,0,0,2,5,8,8,5,2,0,0,0,0,1,2,3,2,1,0,1,2,3,0,0,0,0,0,0,0,1,2,3,2,1,0,0,0,0,0,7,14,21,14,7,0,0,0,0,8,17,26,17,8,0,12,8,4,0,4,8,12,9,6,3,2,1,0,28,57,86,0,0,0,0,0,0,0,0,0,0,7,15,23,43,63,83,4,2,1,0,0,0,0,2,5,8,5,2,0,32,64,97,0,2,4,6,4,2,0,0,0,0,2,4,6,32,58,85,14,9,4,0,0,0,0,4,8,13,10,7,4,2,1,0,0,4,8,13,11,9,8,5,2,0,1,2,3,3,3,3,0,0,0,0,3,6,10,8,6,5,6,8,10,6,3,0,5,3,1,0,0,1,2,1,0,0,0,0,1,2,3,4,0,0,0,0,0,0,0,0,0,0,0,0,0,0,0,0,0,3,7,11,8,5,2,2,3,4,4,5,6,4,2,0
9,6,3,0,0,0,0,1,3,5,4,4,4,2,1,0,0,0,0,0,0,0,0,2,5,8,5,2,0,0,0,0,0,2,4,7,4,2,0,1,2,3,2,1,0,5,10,15,0,3,6,10,6,3,0,0,0,0,0,0,0,58,117,176,0,0,0,0,0,0,0,3,6,9,6,4,2,64,126,189,2,1,0,0,1,3,5,3,1,0,0,0,0,65,130,196,4,2,1,0,1,2,4,2,1,0,1,3,5,64,124,184,0,1,2,3,5,8,11,7,3,0,0,0,1,64,127,191,11,7,3,0,0,0,0,1,2,3,4,5,6,63,120,178,3,4,5,7,8,9,10,6,3,0,1,2,4,67,130,194,0,0,0,0,4,8,13,8,4,0,0,1,2,59,116,174,13,9,5,1,0,0,0,0,0,0,6,12,19,74,129,184,3,2,1,0,0,0,0,0,0,1,0,0,0,0,0,1,2,1,0,0,2,4,7,8,10,12,9,6,4,4,4,5,0,0,0,0,0,0,0,0,0,0,0,0,0,2,4,6,0,1,2,3,4,5,7,4,2,0,2,4,7,5,3,2
0,0,0,0,4,8,13,8,4,0,0,0,0,2,4,6,5,3,1,0,0,0,0,0,0,0,6,12,18,12,6,0,0,0,0,0,3,7,11,9,8,7,5,4,3,2,1,0,12,8,4,0,0,0,0,1,3,5,3,1,0,5,11,17,4,2,1,0,2,4,6,5,5,5,7,10,13,19,25,32,4,2,1,0,4,8,13,8,4,0,0,0,0,79,158,238,0,1,2,3,2,1,0,3,6,9,46,83,120,159,198,237,2,4,7,10,6,3,0,2,4,6,33,60,88,139,190,241,0,0,0,0,0,0,0,0,0,0,28,57,86,142,198,255,2,5,8,11,10,9,8,5,2,0,5,11,17,87,157,228,2,1,0,0,0,0,0,7,15,23,15,7,0,16,32,48,0,5,10,15,10,5,0,0,0,0,1,3,5,3,1,0,10,6,3,0,0,0,1,3,6,9,6,3,0,0,0,0,0,2,4,7,4,2,0,0,0,1,0,0,0,1,3,5,0,7,15,23,16,9,2,1,0,0,1,2,4,2,1,0,4,2,1,0,4,8,13,8,4,0,4,8,12,9,6,4
4,5,6,8,5,2,0,0,0,1,0,0,0,2,5,8,0,0,0,0,0,0,0,1,3,5,4,3,2,1,0,0,2,2,2,2,1,0,0,2,4,7,4,2,0,0,1,2,0,0,0,0,0,0,0,3,6,9,14,19,24,74,124,174,0,3,6,9,8,7,6,7,9,11,7,3,0,68,136,204,0,2,4,6,4,2,0,0,0,0,6,12,19,97,176,255,4,2,1,0,0,0,0,0,0,0,30,60,90,145,200,255,0,0,0,0,5,10,15,10,5,0,43,86,130,168,207,246,9,6,3,0,0,1,2,1,1,1,66,131,197,214,231,248,0,3,7,11,8,5,2,1,1,1,79,158,237,243,249,255,3,2,1,0,1,2,3,21,39,57,123,189,255,249,244,239,0,0,0,0,14,28,43,77,112,147,179,212,245,234,224,214,8,7,7,7,4,2,0,1,2,3,2,1,0,6,12,18,0,5,11,17,11,5,0,0,0,0,0,0,0,0,0,0,4,9,14,19,12,6,0,2,5,8,11,14,18,12,6,0,0,0,0,0,0,0,0,0,0,0,0,0,0,1,2,4
0,3,7,11,8,5,2,1,0,0,0,0,0,6,12,19,0,0,0,0,5,10,15,10,5,0,0,0,1,0,0,0,9,6,3,0,0,0,1,0,0,0,0,1,2,1,0,0,0,2,4,6,4,2,0,3,6,9,7,5,3,3,3,3,0,5,11,17,11,5,0,2,4,7,4,2,0,0,0,0,2,3,5,7,4,2,0,0,0,0,0,0,0,4,8,12,0,0,0,0,3,6,10,8,7,6,6,6,7,31,56,81,5,3,1,0,0,0,0,1,2,4,2,1,0,56,112,169,0,0,1,2,3,5,7,6,6,6,4,2,0,56,112,168,8,5,2,0,0,0,0,0,0,0,0,0,0,31,62,94,0,0,0,0,0,0,1,4,7,11,7,3,0,0,0,0,0,1,2,4,4,4,4,2,1,0,0,0,1,0,0,0,7,4,2,0,0,0,0,0,0,0,0,0,0,5,11,17,3,2,1,0,1,2,3,4,5,7,5,3,1,0,0,0,6,4,2,0,0,0,0,0,0,1,0,0,0,0,0,0,0,3,6,10,6,3,0,0,0,0,3,6,10,6,3,0
0,0,0,0,0,0,1,1,1,2,3,4,6,4,2,0,5,3,1,0,0,0,0,0,0,0,1,2,4,2,1,0,0,0,0,0,1,2,3,3,3,4,3,3,3,2,1,0,4,2,1,0,0,0,1,0,0,0,0,0,0,2,5,8,0,0,0,0,3,6,9,8,7,6,4,2,1,2,3,4,8,5,2,0,0,0,0,0,0,0,1,2,3,15,27,40,0,0,0,0,0,0,0,0,0,0,3,6,9,27,45,64,0,1,2,3,2,1,0,0,0,0,1,3,5,38,71,104,4,3,2,2,1,0,0,0,0,0,0,0,0,28,56,84,0,0,0,0,0,0,0,0,0,0,2,4,6,28,50,72,2,2,2,3,2,1,0,2,4,7,12,17,23,33,43,54,1,2,4,6,4,2,0,2,5,8,14,20,27,26,25,25,0,1,2,4,2,1,0,0,0,1,5,9,13,8,4,0,0,2,4,6,4,2,0,0,0,0,0,1,2,1,0,0,0,2,4,6,4,3,2,1,0,0,0,0,0,1,2,4,0,0,0,1,0,0,0,0,0,0,0,0,0,4,9,14
8,5,2,0,0,0,0,1,2,3,2,1,0,0,0,0,0,0,0,0,0,0,1,3,5,8,7,6,5,4,4,4,3,3,3,3,2,2,2,1,0,0,0,0,0,0,0,0,0,1,3,5,4,4,4,2,1,0,0,0,1,2,3,4,0,1,3,5,4,4,4,2,1,0,0,0,0,0,0,0,2,4,6,9,6,3,0,0,0,0,0,0,0,0,0,0,1,2,3,5,3,1,0,0,0,0,5,10,16,19,22,25,0,1,3,5,3,1,0,0,0,1,2,4,6,4,2,0,6,4,2,0,1,2,4,2,1,0,2,4,7,6,6,6,4,2,1,0,0,0,0,0,0,0,0,0,0,0,0,0,0,1,3,5,3,1,0,1,3,5,3,1,0,0,0,0,0,2,4,7,4,2,0,1,3,5,3,1,0,0,0,0,0,2,4,6,4,2,1,0,0,0,2,4,6,4,2,0,0,1,2,3,3,4,5,3,1,0,2,4,6,4,2,0,0,0,0,0,0,1,2,1,0,0,1,2,3,2,1,0,1,0,0,0,0,0,0,1,3,5,3,1,0,0,0,1
5,3,1,0,0,0,0,0,0,1,0,0,0,0,0,0,0,1,2,3,2,1,0,0,0,0,0,1,2,6,10,14,0,2,4,6,4,2,1,0,0,0,0,0,0,0,1,2,0,0,0,0,0,0,0,2,4,6,4,2,0,4,8,12,7,4,2,0,0,0,0,0,0,0,0,0,0,4,8,13,0,1,2,3,4,5,6,4,2,0,0,0,0,0,0,0,0,0,0,0,1,3,5,5,5,6,4,2,0,1,3,5,11,7,3,0,0,0,0,1,2,4,2,1,0,1,2,3,0,0,0,0,0,0,0,1,2,4,2,1,0,3,6,10,2,1,0,0,0,0,0,0,0,0,0,0,0,2,4,6,0,0,0,0,2,4,6,5,5,5,3,1,0,0,0,0,9,7,5,4,2,1,0,0,0,0,0,0,0,5,10,16,0,0,0,0,0,0,0,3,7,11,10,10,10,6,3,0,9,7,5,4,2,1,0,0,0,0,0,0,0,2,4,7,0,2,4,6,6,6,7,5,3,2,1,0,0,0,0,0,0,0,0,0,1,2,3,2,1,1,1,1,2,1,0,0
7,4,2,0,3,6,10,6,3,0,0,0,0,4,9,14,0,0,0,0,0,0,0,2,4,6,7,9,11,7,3,0,0,5,10,16,10,5,0,0,0,0,0,1,2,2,2,2,0,2,4,6,5,4,3,5,7,10,6,3,0,2,4,6,11,7,3,0,0,0,0,3,6,10,6,3,0,0,0,0,0,0,0,0,0,0,1,4,7,10,11,12,14,9,4,0,0,5,10,15,10,5,0,0,0,0,2,4,7,26,45,64,0,1,3,5,3,1,0,3,6,9,6,3,0,41,82,124,0,0,0,0,1,2,3,4,6,8,5,2,0,3,6,10,12,8,4,0,0,0,0,0,0,0,0,0,0,1,2,3,4,2,1,0,0,0,1,1,1,2,1,0,0,0,0,0,0,0,0,0,3,6,9,9,9,9,6,3,1,0,0,0,9,6,3,0,0,0,0,0,0,0,0,0,0,4,8,13,0,0,0,0,2,5,8,8,8,9,9,9,9,6,3,0,8,5,2,0,0,0,1,0,0,0,0,1,2,2,2,2,0,0,0,0,3,6,10,6,3,0,0,0,0,1,3,5
0,5,10,15,10,5,0,0,0,0,0,0,0,0,0,0,0,0,0,0,0,0,0,0,1,2,5,8,11,7,3,0,5,3,1,0,0,0,0,0,0,0,1,3,5,3,1,0,0,0,1,2,4,7,10,7,4,2,5,8,11,29,47,65,0,2,4,6,4,2,0,0,0,0,17,34,52,119,187,255,0,4,9,14,9,4,0,0,1,2,15,28,41,109,177,246,0,0,0,1,0,0,0,2,4,7,23,39,55,121,188,255,5,3,1,0,0,0,0,0,0,0,17,34,51,119,187,255,6,5,4,3,2,1,0,0,0,0,14,28,42,113,184,255,0,0,0,0,2,5,8,12,16,20,32,44,57,121,185,249,3,2,1,0,0,0,0,0,0,0,15,30,45,115,185,255,0,5,11,17,13,10,7,4,2,0,19,39,59,124,189,255,3,2,1,0,0,0,0,1,3,5,3,1,0,0,0,0,0,3,6,9,6,3,0,0,0,1,5,9,13,8,4,0,0,0,0,0,0,0,0,0,0,0,2,5,8,5,2,0,0,2,5,8,6,4,3,2,1,0,0,0,0,2,4,7
8,5,2,0,0,1,2,1,0,0,0,0,0,1,3,5,0,0,0,0,1,3,5,3,1,0,2,4,7,4,2,0,10,6,3,0,0,0,0,1,3,5,3,1,0,3,6,9,8,5,2,0,0,0,0,2,4,7,4,2,0,0,0,0,0,4,9,14,9,4,0,0,0,0,5,10,15,10,5,0,1,2,3,5,3,1,0,0,0,0,0,0,0,27,55,83,8,5,2,0,0,0,0,2,4,6,4,2,1,48,96,144,0,1,2,4,2,1,0,0,0,0,2,4,6,4,2,0,0,3,6,9,6,3,1,0,0,0,1,2,3,3,3,3,5,4,4,4,2,1,0,0,0,0,0,1,2,1,0,0,0,0,0,0,2,4,6,8,10,12,10,8,6,4,2,0,2,2,2,2,1,0,0,0,0,0,0,0,0,2,4,6,0,0,0,0,0,0,0,0,1,2,1,1,1,0,0,0,4,3,2,2,1,0,0,0,0,0,0,0,0,3,6,10,0,0,0,0,2,4,6,6,7,8,5,2,0,0,0,0,8,5,2,0,0,0,0,1,2,3,2,1,0,0,0,0
8,5,2,0,0,0,1,2,3,4,2,1,0,0,0,0,0,0,0,0,0,0,0,1,3,5,6,7,8,5,2,0,2,3,5,7,5,3,2,1,0,0,0,0,0,0,0,0,0,2,5,8,6,4,3,2,1,0,0,0,0,35,70,105,0,1,2,3,2,1,0,0,0,0,4,8,13,88,163,238,4,4,4,5,3,1,0,0,0,1,0,0,0,81,163,245,0,2,4,6,4,2,0,2,4,7,4,2,0,79,158,237,0,3,6,10,6,3,0,0,1,2,1,0,0,85,170,255,0,3,6,10,8,6,4,4,4,4,2,1,0,85,170,255,15,11,7,3,2,1,0,0,0,0,0,0,0,77,155,233,0,0,1,2,2,3,4,3,2,2,3,4,5,88,171,255,7,5,3,2,1,0,0,0,0,0,4,8,13,80,147,214,0,0,0,0,5,10,15,14,14,14,9,4,0,7,14,22,11,7,3,0,0,0,0,0,0,0,2,5,8,5,2,0,0,0,0,0,3,6,9,6,3,0,0,0,0,1,2,3,0,0,0,0,3,6,9,6,3,1,0,0,0,2,4,7
0,1,2,3,2,1,0,0,0,0,0,1,2,3,5,7,3,2,1,0,6,12,19,12,6,0,0,0,0,1,2,4,3,2,1,0,1,2,3,4,6,8,5,2,0,0,0,0,2,3,5,7,4,2,0,3,7,11,10,9,8,5,2,0,0,2,5,8,8,8,9,6,3,0,2,4,7,4,2,0,0,1,2,4,6,8,10,6,3,0,0,0,0,20,40,60,6,4,2,1,0,0,0,2,5,8,5,2,0,41,82,124,0,0,0,0,0,1,2,1,1,1,0,0,0,2,4,7,4,2,1,0,0,1,2,1,0,0,0,0,0,0,0,0,0,0,0,0,3,6,10,8,6,4,3,2,2,2,2,3,3,2,2,2,4,6,8,5,2,0,0,0,0,0,0,0,0,0,0,0,1,2,4,2,1,0,1,3,5,10,16,22,4,3,3,3,3,4,5,3,1,0,0,0,0,0,0,0,0,0,0,0,0,0,1,2,3,4,7,10,13,11,9,8,4,3,3,3,2,1,0,0,0,0,0,0,0,0,0,0,0,1,2,4,5,6,7,5,3,1,1,1,1,1,2,3
0,1,3,5,5,6,7,4,2,0,0,0,0,2,5,8,8,5,2,0,0,0,0,0,0,0,3,6,9,6,3,0,0,4,8,12,8,5,2,1,0,0,0,0,0,0,0,0,1,4,7,10,6,3,0,0,0,0,5,10,16,14,13,12,1,0,0,0,0,0,0,2,4,7,4,2,0,0,0,0,8,5,2,0,0,0,0,0,1,2,4,6,8,5,2,0,0,2,4,6,8,10,13,8,4,0,0,0,0,6,13,20,0,0,0,0,0,0,1,0,0,0,2,4,6,29,52,75,5,3,1,0,0,0,0,0,0,1,2,3,4,43,82,121,0,4,8,13,8,4,0,0,1,2,1,0,0,59,118,178,0,3,6,10,8,6,5,4,3,2,1,0,0,82,164,246,5,3,1,0,0,0,0,0,0,1,17,33,49,100,152,204,8,5,2,0,6,12,18,12,6,0,0,0,0,3,6,10,0,0,0,0,0,0,0,5,10,16,14,12,10,7,5,3,0,5,10,15,10,5,0,1,2,3,2,1,0,0,0,0,0,3,6,10,6,3,0,0,0,0,2,5,8,6,4,2
0,2,5,8,5,2,0,6,13,20,13,6,0,0,0,0,0,0,0,0,5,11,17,11,5,0,2,4,6,8,10,12,7,4,2,0,0,0,0,0,0,0,0,1,2,1,0,0,4,2,1,0,0,0,0,9,18,27,18,9,0,0,0,0,4,4,4,4,4,4,4,2,1,0,2,4,7,27,47,67,0,0,0,0,0,1,2,1,0,0,18,36,55,103,152,201,5,6,7,9,6,3,0,2,4,6,5,5,5,53,101,150,0,2,4,6,4,2,0,0,0,0,0,0,1,67,133,199,0,2,4,7,4,2,0,0,0,0,1,3,5,78,152,226,10,7,4,1,1,1,2,5,8,11,19,28,37,87,138,189,0,2,4,7,6,5,4,2,1,0,21,43,65,86,107,129,0,2,4,7,4,2,0,2,4,6,53,100,148,128,108,89,18,12,6,0,17,35,53,60,68,76,112,148,184,123,62,1,0,3,6,9,17,26,35,65,96,127,92,57,23,15,8,1,6,4,2,0,6,12,19,12,6,0,0,0,0,0,0,0,0,0,1,2,4,6,8,5,2,0,1,2,3,4,5,6
1,0,0,0,0,0,1,2,3,5,3,2,1,0,0,0,3,2,1,0,0,0,0,0,0,0,0,1,2,4,7,10,1,3,5,7,4,2,0,0,0,0,0,0,0,1,2,4,0,1,2,3,4,5,7,6,5,5,3,1,0,7,14,22,1,0,0,0,1,2,3,2,2,2,1,0,0,4,9,14,9,6,3,0,0,0,0,1,3,5,3,1,0,0,0,0,0,0,0,0,0,1,2,6,10,14,10,6,3,2,1,1,4,4,4,5,4,3,2,1,0,0,0,0,0,1,3,5,0,1,2,3,2,1,0,0,0,0,0,0,0,3,6,10,7,4,2,0,0,0,0,0,1,2,1,0,0,0,0,0,0,0,0,0,1,2,3,5,7,10,6,3,0,0,0,0,3,2,1,0,0,0,0,0,0,0,0,0,0,2,5,8,0,0,1,2,2,2,2,4,6,9,8,8,8,5,2,0,0,2,4,7,4,2,0,0,0,0,0,1,2,5,8,11,0,1,2,3,2,1,1,0,0,0,0,0,0,0,1,2,4,2,1,0,0,0,0,0,0,0,2,4,6,4,2,0
8,5,2,0,0,0,0,0,0,0,0,0,0,1,3,5,0,2,5,8,9,10,12,8,4,1,1,1,2,1,0,0,3,4,5,7,4,2,0,0,0,0,0,0,0,2,5,8,0,0,0,0,0,0,0,4,8,12,8,4,0,4,9,14,8,5,3,1,0,0,0,2,4,7,4,2,0,2,4,7,0,4,8,12,8,4,0,3,6,10,9,8,8,5,2,0,2,4,7,10,6,3,0,0,0,0,3,6,9,24,39,55,0,0,0,0,0,0,0,1,2,3,2,1,0,52,105,158,1,0,0,0,0,0,0,3,6,9,6,3,0,0,0,1,12,8,4,1,0,0,0,0,1,2,1,0,0,0,0,0,0,0,0,1,0,0,0,1,2,3,4,5,6,4,2,0,0,0,0,0,1,3,5,3,1,0,2,4,7,4,2,0,11,9,7,6,4,2,0,0,0,0,0,0,0,4,9,14,0,0,0,0,3,6,9,9,10,11,11,11,11,7,3,0,6,4,2,0,0,0,0,0,0,0,0,0,0,0,0,0,1,0,0,0,3,6,10,8,6,5,3,1,0,3,6,9
4,2,1,0,0,0,0,0,0,0,2,4,6,5,4,3,0,2,4,6,6,6,6,4,2,0,0,0,0,0,0,0,2,2,2,2,1,0,0,3,6,9,6,3,1,1,1,1,4,4,4,5,3,1,0,4,9,14,9,4,0,0,0,0,9,6,3,0,0,0,0,2,5,8,8,8,9,6,4,2,0,3,6,9,7,5,3,2,1,0,0,0,0,0,0,0,0,1,2,4,2,1,0,0,0,0,1,2,4,3,3,3,0,0,1,2,2,2,3,2,1,0,0,0,0,0,0,1,0,0,0,0,1,2,3,2,1,0,0,0,0,4,9,14,0,0,0,0,2,5,8,7,6,6,4,2,0,0,0,0,4,2,1,0,1,2,3,2,2,2,1,0,0,0,0,1,4,2,1,0,0,0,0,0,0,0,0,1,2,4,7,10,0,0,0,1,1,1,1,1,2,3,2,1,0,0,0,1,0,1,2,4,2,1,0,0,0,0,0,0,0,0,0,0,0,0,1,2,1,0,0,0,0,0,0,0,0,1,2,4,0,0,0,0,0,1,2,2,3,4,5,6,8,5,2,0
0,3,7,11,7,3,0,0,0,0,5,11,17,11,5,0,6,4,2,0,0,0,0,0,0,0,0,0,0,1,2,3,0,0,0,0,5,10,16,13,11,9,6,3,0,0,0,0,7,4,2,0,0,0,0,0,0,0,8,16,24,17,10,3,0,3,7,11,12,13,15,10,5,0,0,0,0,0,0,0,0,0,0,0,1,3,5,5,6,7,4,2,0,10,21,32,3,2,1,0,0,0,0,0,1,2,1,0,0,21,42,63,0,4,8,12,8,4,0,0,0,1,1,2,3,13,23,34,0,0,0,1,0,0,0,0,1,2,1,0,0,0,0,0,2,1,0,0,2,5,8,5,2,0,4,8,13,11,9,7,2,1,0,0,1,3,5,3,1,0,4,9,14,11,8,6,0,0,0,1,0,0,0,0,0,0,0,0,0,0,0,0,0,1,2,3,2,1,1,1,1,2,1,0,0,0,0,0,0,0,0,0,2,5,8,5,2,0,3,7,11,7,4,1,0,0,0,0,2,4,7,4,2,0,1,2,4,3,2,1,2,3,4,6,5,5,5,6,7,9,6,3,0,0,0,1
0,2,4,7,6,5,5,3,1,0,0,1,2,1,0,0,0,0,0,0,0,0,0,0,0,0,1,2,4,4,4,5,3,3,3,3,2,1,0,0,0,0,0,0,1,5,9,14,0,0,1,2,2,2,3,5,7,9,13,18,23,42,62,82,0,0,0,1,1,1,1,0,0,0,7,15,23,55,87,120,6,4,2,1,0,0,0,0,0,0,0,0,0,29,58,88,0,0,0,0,0,0,1,1,1,2,1,0,0,28,57,86,0,0,0,0,0,1,2,3,4,5,3,1,0,31,63,95,2,1,0,0,1,2,3,2,1,0,4,9,14,39,64,89,7,5,3,1,3,5,7,5,3,2,1,0,0,29,58,88,0,0,0,0,2,4,6,6,6,6,4,2,0,37,74,111,8,5,2,0,0,1,2,1,0,0,12,25,38,81,125,169,5,3,1,0,2,4,6,4,2,0,1,3,5,9,14,19,0,0,0,1,0,0,0,0,0,0,0,0,0,0,0,0,0,2,5,8,7,6,6,8,11,14,10,6,3,2,1,0,2,1,0,0,1,3,5,3,1,0,1,2,3,5,8,11
13,8,4,0,0,0,0,2,4,6,4,2,0,0,0,1,0,0,0,0,6,12,19,12,6,0,0,0,0,2,4,6,5,3,1,0,1,2,3,2,1,0,1,2,3,2,1,0,0,0,0,0,3,6,9,6,3,0,0,0,0,3,7,11,0,0,0,1,0,0,0,0,0,0,3,6,9,28,48,68,9,6,3,0,0,0,0,0,0,0,4,8,12,18,25,32,0,0,0,0,4,8,12,10,8,7,4,2,0,0,0,0,0,1,2,3,3,3,3,2,1,0,5,10,16,41,66,91,0,1,2,3,2,1,0,1,2,4,6,8,11,8,6,4,0,2,4,7,4,2,0,0,0,0,1,2,3,2,1,0,0,4,9,14,11,8,5,3,2,1,5,9,13,8,4,0,0,0,0,0,0,0,0,0,0,0,0,0,1,4,7,11,22,15,9,3,2,1,0,0,0,0,0,0,0,25,50,76,0,0,0,0,1,2,4,5,7,9,6,3,0,3,6,10,9,7,6,5,3,1,0,0,0,0,0,0,0,0,0,0,0,1,3,5,3,1,0,0,0,0,5,10,16,10,5,0
9,6,3,0,0,0,0,1,3,5,4,4,4,2,1,0,0,0,0,0,0,0,0,2,5,8,5,2,0,0,0,0,0,2,4,7,4,2,0,1,2,3,2,1,0,5,10,15,0,3,6,10,6,3,0,0,0,0,0,0,0,58,117,176,0,0,0,0,0,0,0,3,6,9,6,4,2,64,126,189,2,1,0,0,1,3,5,3,1,0,0,0,0,65,130,196,4,2,1,0,1,2,4,2,1,0,1,3,5,64,124,184,0,1,2,3,5,8,11,7,3,0,0,0,1,64,127,191,0,1,2,4,3,2,2,1,0,0,2,5,8,66,125,184,2,1,0,0,0,1,2,1,0,0,1,2,4,65,127,189,7,4,2,0,3,6,9,7,6,5,4,3,2,57,112,168,0,1,2,4,4,4,4,2,1,0,4,8,13,72,132,192,6,4,2,0,1,3,5,7,10,13,8,4,0,0,0,0,0,2,5,8,5,2,0,0,0,0,1,2,3,8,13,19,0,1,2,3,4,5,6,4,2,0,0,0,0,0,0,0,3,2,1,0,2,4,7,4,2,0,0,0,0,1,2,3
0,5,10,16,10,5,0,0,0,0,2,4,6,4,2,0,5,3,1,0,0,0,0,3,7,11,7,3,0,0,0,0,0,0,0,0,1,2,3,6,9,12,10,8,6,5,4,3,6,6,7,8,5,2,0,0,0,0,1,2,4,2,1,0,0,0,0,0,0,0,0,1,2,3,5,7,10,6,3,0,2,1,0,0,3,6,10,8,6,5,3,1,0,1,2,3,0,0,0,0,0,0,0,0,0,0,0,0,0,26,52,79,0,2,5,8,5,2,0,1,2,4,2,1,0,0,0,0,0,0,0,0,1,2,4,5,6,8,5,2,0,2,4,7,9,6,3,0,0,0,0,0,0,0,0,0,0,1,3,5,2,1,0,0,0,0,0,1,3,5,3,1,0,2,4,7,0,0,0,0,3,6,10,11,12,13,8,4,0,1,2,4,11,8,5,3,2,1,0,0,0,0,0,0,0,6,13,20,0,0,0,0,1,2,3,5,8,11,9,8,7,4,2,0,2,2,2,3,2,1,0,0,0,0,1,2,3,3,4,5,0,2,4,6,5,5,5,3,1,0,0,0,0,1,2,3
5,3,1,0,0,0,0,3,6,10,6,3,0,1,2,4,0,1,2,3,2,1,0,2,4,6,6,6,6,4,2,0,0,4,8,13,8,4,0,0,0,0,2,5,8,7,6,5,0,2,4,6,4,2,0,0,0,1,9,18,27,76,125,175,0,2,4,6,7,9,11,13,16,19,12,6,0,68,136,204,7,4,2,0,0,0,0,0,0,1,4,7,11,92,173,255,4,2,1,0,0,0,0,0,0,0,29,58,87,143,199,255,0,2,4,7,8,10,12,8,4,0,46,92,138,176,215,254,2,1,0,0,2,4,6,4,2,0,63,127,191,212,233,255,0,0,1,2,1,0,0,3,6,9,83,157,231,237,243,250,4,2,1,0,0,0,0,18,36,55,121,188,255,253,251,249,10,6,3,0,16,32,49,79,110,141,172,204,236,227,219,211,0,0,0,0,0,0,0,5,10,15,10,6,2,5,8,11,0,9,18,27,18,9,0,2,4,6,4,2,0,0,0,0,0,5,10,15,10,5,0,0,0,0,1,2,4,6,8,10,0,0,0,0,1,3,5,5,6,7,4,2,0,0,0,0
3,2,1,0,1,2,4,2,1,0,0,0,1,0,0,0,0,7,14,21,17,13,10,8,6,4,2,1,0,7,14,21,3,2,1,0,0,0,0,0,0,1,0,0,0,51,102,154,1,4,7,11,8,5,3,2,1,0,41,83,125,168,211,255,0,1,2,3,3,3,4,4,4,5,76,147,218,227,236,245,14,9,4,0,2,4,7,27,47,68,130,192,255,242,229,217,0,3,7,11,7,3,0,26,52,78,137,196,255,210,166,122,4,2,1,0,7,14,21,58,95,132,172,212,253,194,135,76,7,4,2,0,0,0,0,73,146,219,229,240,251,172,94,16,0,2,5,8,8,9,10,86,162,238,227,217,207,138,69,0,0,0,1,2,22,43,64,126,189,252,225,199,173,115,58,1,77,54,32,10,44,78,113,158,203,249,194,140,86,57,28,0,253,218,183,148,155,162,169,196,223,250,166,83,0,0,0,0,236,193,150,108,147,186,225,169,113,58,44,31,18,16,15,14,0,18,37,56,37,18,0,0,0,0,0,0,0,1,2,4,3,2,1,0,1,2,4,6,9,12,8,4,0,2,4,7
0,3,6,10,8,7,6,4,2,0,3,6,10,7,5,3,5,3,1,0,0,0,0,3,7,11,7,3,0,2,4,7,11,7,3,0,0,0,0,5,10,15,10,5,0,0,0,0,0,1,3,5,9,13,18,12,6,0,4,8,13,12,12,12,0,2,5,8,5,2,0,8,16,24,16,8,0,0,0,0,0,0,0,0,2,4,7,4,2,0,0,0,0,28,56,85,3,2,1,0,1,3,5,3,1,0,0,0,0,33,66,99,0,2,5,8,5,2,0,3,6,9,9,9,9,25,41,57,8,5,2,0,0,0,0,0,0,0,22,45,68,51,35,19,0,0,0,0,0,1,2,5,8,12,25,38,51,45,40,35,0,3,7,11,7,3,0,1,2,4,5,7,9,22,35,49,0,0,1,2,1,0,0,1,2,3,4,6,8,31,55,79,6,4,2,0,1,3,5,3,1,0,0,0,0,4,8,12,0,0,0,0,3,6,9,6,3,0,1,2,3,2,2,2,7,4,2,0,1,2,4,2,1,0,0,0,0,0,0,0,0,0,0,0,1,2,4,2,1,0,2,4,7,7,8,9
0,2,4,7,7,8,9,6,3,0,2,5,8,5,2,0,7,5,3,1,0,0,0,0,0,0,0,0,1,8,15,23,9,6,3,0,0,1,2,7,12,18,12,6,0,1,2,3,0,7,14,21,14,7,0,0,0,1,2,3,4,2,1,0,5,3,1,0,0,0,0,3,6,9,6,3,0,9,18,28,0,2,4,6,4,2,0,0,0,0,2,5,8,34,60,87,3,2,1,0,2,5,8,9,10,12,8,4,0,27,54,81,2,2,3,4,2,1,0,0,0,0,8,16,24,35,47,59,6,5,5,5,3,1,0,6,13,20,13,6,0,24,49,74,0,1,2,3,4,5,7,6,5,5,4,3,3,30,58,86,11,7,3,0,3,6,10,6,3,0,0,0,0,1,2,4,5,3,1,0,1,2,3,4,6,8,15,22,29,28,27,26,0,1,2,4,4,4,5,3,1,0,5,10,15,32,49,66,0,5,10,15,10,5,0,0,0,0,0,0,0,2,5,8,0,0,0,0,0,0,0,4,8,12,8,5,2,1,0,0,3,3,3,4,2,1,0,0,0,0,1,3,5,3,2,1
5,3,1,0,3,6,10,10,10,11,7,3,0,1,2,3,0,6,12,19,12,6,0,2,4,7,5,3,2,5,8,11,0,0,0,0,1,2,4,2,1,0,0,0,0,1,2,3,18,12,6,0,3,7,11,7,3,0,0,0,0,5,11,17,0,0,0,0,5,11,17,12,8,4,17,30,44,111,178,245,8,7,6,6,4,2,0,2,4,7,74,141,209,217,225,233,0,0,0,0,5,10,16,24,32,41,110,179,249,207,165,123,0,0,1,2,1,0,0,26,52,79,137,196,255,193,131,70,7,4,2,0,0,0,1,19,38,57,123,189,255,204,154,104,0,1,2,4,4,5,6,14,22,30,95,160,226,208,190,172,27,18,9,0,0,0,0,3,6,9,54,99,145,181,218,255,3,2,1,0,5,11,17,11,6,1,0,0,0,46,92,139,0,2,4,6,4,2,0,0,0,0,2,4,7,5,4,3,1,6,11,16,10,5,0,0,0,0,6,12,18,12,6,0,0,0,0,0,0,0,0,0,1,2,1,0,0,0,0,0,2,3,5,7,4,2,0,0,0,0,1,3,5,6,7,8
5,3,1,0,0,0,0,4,8,12,8,4,0,0,1,2,0,3,7,11,7,3,0,0,0,0,2,4,7,5,4,3,13,9,5,1,0,0,0,1,2,3,6,10,14,9,4,0,2,1,0,0,1,2,4,5,7,9,6,3,0,12,24,37,5,5,6,7,7,8,9,9,9,9,10,11,13,78,144,210,0,1,3,5,3,1,0,0,0,0,25,50,76,135,195,255,2,4,6,8,6,4,2,3,4,6,34,62,91,141,191,241,6,4,2,0,3,7,11,8,5,2,32,62,92,146,200,255,0,3,6,9,8,7,6,4,2,0,14,29,44,111,178,246,0,0,0,0,0,0,0,0,1,2,4,6,9,42,75,109,8,5,2,0,0,0,0,2,4,7,4,2,0,2,4,6,0,0,0,0,0,0,0,2,5,8,7,6,6,53,100,148,0,0,0,0,0,0,0,1,2,3,5,7,9,60,111,163,6,5,5,5,3,1,0,0,0,0,0,0,0,0,0,0,0,0,0,0,4,8,13,8,4,0,2,5,8,5,2,0,13,8,4,0,3,6,10,6,3,0,0,0,1,5,10,15
0,0,0,0,1,3,5,3,1,0,1,2,3,2,1,0,0,4,8,13,8,4,0,0,0,0,3,7,11,7,4,1,10,6,3,0,0,0,0,2,4,6,6,7,8,5,2,0,0,0,0,0,5,10,16,15,14,13,8,4,0,1,2,4,0,0,0,0,1,3,5,3,1,0,29,59,89,137,185,234,0,4,8,12,8,4,0,5,10,16,84,153,222,226,230,235,2,3,4,6,4,3,2,30,58,86,142,198,255,212,170,128,7,4,2,0,1,2,3,46,89,133,172,211,250,186,123,60,6,4,2,0,0,0,0,37,74,111,156,201,247,190,133,77,0,6,12,19,13,7,2,23,44,65,128,191,255,222,190,158,7,4,2,0,0,0,0,0,1,2,64,126,189,211,233,255,0,0,0,0,10,20,30,20,10,1,5,9,13,60,107,155,7,4,2,0,0,0,0,3,6,10,6,3,0,2,4,6,3,5,8,11,7,3,0,0,0,0,0,1,2,1,0,0,0,2,4,7,8,9,10,7,4,1,0,0,0,1,3,5,3,2,1,0,0,0,0,0,0,0,3,6,10,6,3,0
0,0,0,0,0,0,0,4,8,12,8,4,0,0,0,0,0,6,13,20,13,6,0,0,0,0,2,4,7,6,5,5,0,0,0,0,1,2,3,3,3,4,9,15,21,14,7,0,17,11,5,0,1,3,5,5,5,5,3,1,0,12,24,36,0,0,0,0,3,6,10,6,3,0,8,16,25,87,149,212,0,4,8,13,9,5,1,0,0,0,29,58,88,143,198,254,6,4,2,0,0,0,0,0,0,0,44,88,132,173,214,255,7,4,2,0,8,17,26,17,8,0,37,74,111,157,204,251,8,5,2,0,0,0,0,1,2,4,22,41,60,125,190,255,0,4,8,13,13,13,14,9,4,0,0,0,0,41,83,125,9,6,3,0,0,0,0,2,4,7,4,2,0,27,54,82,0,1,2,4,5,6,7,4,2,0,6,12,19,87,156,225,4,3,2,1,0,0,0,1,2,3,6,10,14,19,24,29,0,2,4,7,6,5,5,3,1,0,0,0,0,0,0,0,2,1,0,0,0,0,0,6,12,19,12,6,0,7,14,21,0,2,4,6,4,2,0,0,0,0,3,7,11,7,3,0
0,3,6,9,6,3,0,0,0,0,6,12,19,12,6,0,0,0,0,0,7,14,22,14,7,0,0,0,0,3,7,11,0,0,0,0,0,0,0,3,7,11,13,15,17,11,5,0,0,6,12,19,13,7,2,1,0,0,5,10,15,10,5,0,0,0,0,0,0,0,0,7,14,21,14,7,0,39,78,118,8,5,2,0,0,0,0,0,0,0,7,14,21,97,173,249,0,0,0,1,0,0,0,4,8,12,26,41,56,119,183,247,5,3,1,0,2,5,8,5,2,0,25,50,75,127,179,232,5,3,1,0,0,0,0,0,0,0,25,50,75,131,187,243,0,0,0,0,1,3,5,9,13,18,26,34,42,106,170,234,0,9,18,27,18,9,0,0,0,0,1,2,3,76,150,224,7,4,2,0,0,0,0,7,14,22,14,7,0,13,26,40,12,8,4,0,4,8,13,8,4,0,0,0,0,0,0,0,6,4,2,0,0,0,1,0,0,0,0,0,0,2,4,7,0,5,10,15,10,5,0,3,7,11,8,6,4,2,1,0,9,6,3,0,3,7,11,7,3,0,1,3,5,3,1,0
0,0,0,0,0,0,0,2,5,8,5,2,0,0,0,0,0,3,6,10,10,10,10,6,3,0,2,4,7,9,11,13,12,8,4,0,0,0,0,0,0,0,4,8,13,8,4,0,0,0,0,0,0,0,0,9,18,28,18,9,0,0,0,0,4,6,8,11,7,3,0,0,0,0,0,0,0,58,116,175,0,0,0,0,0,0,0,0,0,0,24,49,74,131,189,247,0,0,1,2,4,6,8,5,2,0,28,56,85,126,167,208,0,1,3,5,3,1,0,1,2,3,33,63,94,127,160,193,4,2,1,0,0,0,0,0,0,0,12,24,37,109,182,255,0,1,2,4,2,1,0,4,8,13,8,4,0,33,66,100,5,3,1,0,0,0,0,0,0,0,11,22,34,61,88,116,0,3,7,11,7,3,0,0,0,0,6,12,19,88,158,228,13,8,4,0,0,0,0,6,13,20,13,6,0,14,29,44,0,2,4,7,12,18,24,16,8,0,1,2,3,2,1,0,15,13,11,10,6,3,0,1,3,5,3,1,0,0,0,0,0,0,0,0,2,5,8,7,6,5,3,1,0,0,0,0
8,5,2,0,3,6,9,6,3,0,0,0,0,3,6,10,0,0,0,0,5,10,15,10,5,0,4,8,12,8,4,0,5,3,1,0,1,3,5,3,1,0,0,1,2,3,4,5,1,0,0,0,0,0,0,2,5,8,5,2,0,0,0,0,5,3,1,0,0,0,0,2,5,8,5,2,0,6,12,18,0,5,10,15,12,9,7,4,2,0,5,11,17,77,137,197,7,4,2,0,3,6,10,15,20,26,55,84,113,122,131,141,3,3,4,5,3,1,0,0,0,0,73,147,221,157,93,30,5,3,1,0,0,0,0,4,8,13,93,174,255,170,85,0,0,3,6,10,13,16,19,12,6,0,83,166,250,174,98,22,0,1,2,3,2,1,0,2,4,6,67,129,191,169,148,127,0,0,0,0,0,0,0,0,0,1,7,13,19,78,137,196,0,2,4,7,5,3,1,0,0,0,3,6,10,6,3,0,0,0,0,1,0,0,0,0,0,1,3,5,7,4,2,0,0,2,4,7,4,2,0,5,11,17,12,7,2,1,0,0,1,0,0,0,4,8,12,8,4,0,0,0,0,0,0,0
0,1,3,5,6,8,10,6,3,0,1,3,5,3,1,0,5,3,1,0,0,0,1,2,3,4,4,5,6,7,9,11,0,0,0,0,2,4,6,4,2,0,0,0,0,1,2,4,0,1,3,5,3,1,0,0,0,0,0,0,0,0,0,0,2,1,0,0,0,0,0,10,20,31,20,10,0,1,2,4,0,7,14,21,16,11,7,4,2,0,4,9,14,61,109,157,14,9,4,0,0,0,0,1,2,4,40,76,113,119,126,133,0,0,0,1,0,0,0,3,6,9,63,117,172,133,95,57,0,4,8,13,8,4,0,0,0,0,45,91,137,159,181,204,12,8,4,0,0,0,1,4,7,10,6,3,0,4,8,13,9,6,3,0,2,5,8,15,23,31,24,17,10,9,8,8,0,1,2,3,2,2,2,28,54,80,128,176,225,175,125,75,0,3,6,10,6,3,0,0,0,0,11,22,33,62,92,122,0,0,0,0,1,2,3,3,3,3,7,11,16,10,5,0,0,1,2,3,4,6,8,5,2,0,0,0,0,0,0,0,7,4,2,0,0,0,0,3,6,10,7,4,1,2,4,6
11,7,3,0,0,0,0,5,11,17,11,5,0,0,0,0,0,4,9,14,10,6,2,3,4,5,3,1,0,0,0,0,0,0,0,0,0,0,0,4,8,13,12,11,11,8,6,4,15,10,5,0,3,6,9,6,3,0,0,0,0,11,23,35,0,1,3,5,7,9,12,8,4,0,24,48,73,122,172,222,0,4,8,13,8,4,0,3,6,9,75,142,209,224,239,255,0,1,2,3,2,1,0,21,43,65,128,191,255,233,211,190,4,2,1,0,1,3,5,32,59,86,138,190,242,211,180,149,0,0,0,0,1,3,5,26,47,68,130,192,255,222,189,156,0,4,9,14,9,4,0,9,19,29,101,174,247,238,229,221,0,0,0,0,0,0,0,7,14,22,64,107,150,185,220,255,21,14,7,0,0,0,0,0,0,0,3,7,11,58,105,153,0,3,6,9,6,3,0,0,1,2,1,0,0,0,1,2,0,2,4,6,4,2,0,0,0,1,2,3,4,5,6,7,3,2,1,0,0,0,0,2,5,8,5,2,0,1,2,3,0,5,10,15,10,5,0,0,0,0,2,4,6,4,2,1
0,1,3,5,3,2,1,3,5,7,4,2,0,2,5,8,0,0,0,1,1,1,1,0,0,0,0,0,0,0,0,0,12,8,4,0,0,0,0,3,7,11,12,14,16,10,5,0,0,0,0,0,0,0,1,0,0,0,0,0,0,14,28,42,1,8,16,24,18,12,6,4,2,0,9,18,27,88,149,210,0,0,0,0,0,0,0,0,0,0,26,52,78,137,196,255,0,0,0,0,5,10,16,17,18,20,46,72,98,147,196,245,7,4,2,0,4,8,12,8,4,0,33,66,100,151,203,255,0,5,10,15,10,5,1,0,0,0,16,32,49,116,183,250,0,0,0,0,0,0,0,1,2,3,8,14,20,52,85,118,6,5,5,5,5,5,6,6,6,6,4,2,0,0,1,2,0,0,0,0,0,0,0,0,1,2,10,18,26,87,149,211,7,4,2,0,0,0,0,0,0,0,3,6,9,68,127,186,0,0,1,2,5,8,11,7,3,0,0,0,0,1,2,4,3,3,3,3,2,1,0,0,0,0,2,5,8,5,2,0,6,4,2,0,2,4,6,4,3,2,2,2,2,1,0,0
0,4,8,13,11,9,8,5,2,0,3,6,9,6,3,0,10,7,4,2,1,0,0,0,0,0,4,8,12,11,10,10,0,0,0,0,2,4,7,6,5,4,2,1,0,6,12,18,4,2,1,0,0,0,0,4,9,14,13,13,13,8,4,0,9,6,3,0,1,2,4,2,1,0,12,25,38,84,130,176,0,0,0,1,0,0,0,0,0,0,61,122,183,134,85,37,0,2,4,6,4,2,0,5,11,17,69,121,174,116,58,0,2,1,0,0,1,2,4,24,45,66,83,100,118,78,39,0,0,5,11,17,11,5,0,21,43,65,85,106,127,84,42,0,10,6,3,0,0,0,0,0,0,0,58,116,175,117,59,1,0,2,4,6,7,8,9,9,10,11,55,99,143,125,107,89,12,8,4,0,0,0,0,4,8,13,8,4,0,44,89,134,0,5,10,16,10,5,0,0,0,0,2,4,7,9,11,14,7,7,7,8,5,2,0,1,3,5,7,9,11,7,3,0,0,3,7,11,7,3,0,0,0,0,0,0,0,3,7,11,0,0,0,0,0,0,1,0,0,0,0,0,0,0,1,2
1,0,0,0,3,6,9,6,3,0,1,3,5,3,1,0,0,4,8,13,8,4,0,2,4,6,4,2,0,2,4,7,11,7,3,0,0,0,0,2,4,6,9,12,16,10,5,0,8,5,2,0,2,5,8,5,2,0,0,0,0,3,6,10,0,0,0,0,0,0,0,3,7,11,13,15,18,67,116,165,4,5,6,7,7,7,7,4,2,0,2,4,7,50,94,138,9,6,3,0,2,4,7,4,2,0,27,54,81,94,107,121,0,0,1,2,2,2,2,2,3,4,24,44,64,77,90,103,2,1,0,0,0,0,0,1,3,5,6,8,10,65,120,175,7,4,2,0,0,0,0,0,0,0,0,0,0,36,72,108,0,3,6,9,6,4,2,2,2,2,3,5,7,4,2,0,0,2,4,7,4,2,0,0,0,0,3,6,9,12,15,19,3,2,1,0,0,0,1,1,1,1,3,5,7,48,89,130,5,5,5,5,5,5,6,4,2,0,0,0,0,0,0,0,0,0,1,2,1,0,0,3,6,9,13,17,22,14,7,0,6,4,2,0,2,5,8,5,2,0,0,0,0,6,12,19
0,0,0,0,2,5,8,5,3,1,0,0,0,2,5,8,0,0,0,0,0,0,1,0,0,0,8,16,25,16,8,0,0,0,1,2,4,7,10,6,3,0,0,0,0,0,0,0,2,1,0,0,3,6,10,12,14,17,11,5,0,10,21,32,4,4,5,6,4,2,0,0,0,0,35,70,105,144,183,223,0,0,0,0,2,4,7,10,14,18,93,169,245,218,191,164,5,4,3,3,2,1,0,6,12,19,97,176,255,209,163,117,0,0,0,0,0,0,0,21,42,63,122,182,242,195,149,103,11,7,3,0,4,8,12,27,42,57,120,184,248,206,164,123,0,9,18,27,20,13,7,6,6,6,87,168,249,223,197,172,0,2,4,6,4,2,0,2,4,7,73,140,207,214,221,229,3,2,1,0,0,0,0,0,0,0,1,3,5,41,78,115,6,6,6,6,6,7,8,8,8,9,6,3,0,2,4,7,0,2,4,7,4,2,0,0,0,0,0,0,1,4,7,10,1,3,5,7,6,5,5,6,8,10,6,3,0,1,2,4,0,0,0,1,0,0,0,1,2,4,2,1,0,0,0,0
0,0,1,2,2,2,3,2,1,1,0,0,0,0,0,0,19,12,6,0,0,0,0,2,4,7,4,2,0,5,11,17,0,0,0,0,3,6,9,7,6,5,3,1,0,0,0,0,1,0,0,0,0,1,2,1,0,0,0,0,1,0,0,0,0,0,0,0,5,10,16,12,9,6,8,10,12,50,89,128,8,6,4,3,2,1,0,0,0,0,26,52,79,133,187,241,0,6,12,18,12,6,0,0,0,0,35,70,105,155,205,255,2,1,0,0,2,4,7,4,2,0,18,36,55,116,178,240,0,5,10,15,10,5,1,2,4,6,4,2,0,32,64,96,16,10,5,0,0,0,0,0,1,2,2,2,2,62,123,184,0,2,4,6,5,4,4,3,3,3,34,66,98,143,188,233,4,2,1,0,1,2,3,2,1,0,23,46,70,121,173,225,3,2,1,0,2,4,7,6,5,5,3,1,0,5,10,15,0,5,10,16,10,5,0,0,0,1,9,17,26,17,8,0,4,2,1,0,0,0,0,0,0,0,0,0,0,1,3,5,0,2,4,7,6,5,5,4,3,2,3,4,5,3,1,0
0,2,4,7,4,2,0,4,8,12,8,4,0,0,0,0,9,6,3,0,0,0,0,0,0,1,3,6,9,8,7,7,0,3,6,10,6,3,0,3,7,11,7,3,0,0,0,0,9,6,3,0,2,4,7,5,4,3,7,11,16,32,48,64,0,3,6,9,6,3,0,0,0,0,23,46,70,131,193,255,4,2,1,0,3,7,11,9,7,6,80,154,229,195,161,127,0,4,8,13,8,4,0,15,31,47,116,185,255,182,110,38,3,2,1,0,0,0,0,33,67,101,148,195,242,161,80,0,0,1,2,4,2,1,0,24,48,72,130,188,247,177,108,39,10,6,3,0,0,1,2,5,9,13,84,156,228,187,146,106,0,3,6,10,9,8,7,4,2,0,35,71,107,153,199,245,9,6,3,0,0,0,0,0,0,0,0,0,0,28,57,86,0,7,15,23,19,16,13,12,11,10,8,7,6,4,2,0,0,0,0,0,0,0,0,3,6,10,6,3,0,3,7,11,23,15,7,0,4,9,14,9,4,0,0,0,0,0,0,0,0,6,13,20,13,6,0,1,2,4,5,6,8,5,3,1
0,0,0,1,0,0,0,5,10,15,10,5,0,6,13,20,0,3,6,9,6,3,0,0,0,0,2,4,7,4,2,0,11,7,3,0,1,2,3,8,13,18,12,7,2,3,4,6,0,3,6,9,6,3,0,0,0,0,0,0,0,30,60,90,0,3,7,11,7,3,0,2,4,6,14,23,32,103,174,246,22,14,7,0,0,0,0,0,0,0,4,8,13,93,174,255,0,0,0,0,4,8,13,8,4,0,0,0,0,42,85,128,2,1,0,0,0,0,0,5,10,15,13,11,10,84,158,233,3,2,1,0,4,8,12,8,4,0,20,40,61,124,187,251,1,0,0,0,0,0,1,1,1,2,5,9,13,83,154,225,0,3,6,10,10,10,11,7,3,0,21,42,64,113,163,213,0,0,0,1,0,0,0,1,3,5,51,98,145,170,195,221,0,6,13,20,13,6,0,0,0,0,13,26,39,86,133,180,7,4,2,0,2,4,6,13,20,28,18,9,0,0,0,0,8,5,2,0,6,12,18,12,6,0,0,0,0,5,10,16,0,2,4,7,4,2,0,1,2,4,9,14,19,12,6,0
0,3,6,9,6,3,0,2,4,6,8,10,13,8,4,0,0,0,0,0,1,2,3,4,5,6,4,2,0,0,0,0,0,4,9,14,10,6,2,1,0,0,2,4,7,6,5,5,2,1,0,0,0,0,0,0,0,0,1,3,5,3,1,0,2,1,0,0,3,6,9,8,7,6,5,5,5,41,77,114,0,2,5,8,6,4,3,2,1,0,31,63,95,148,201,254,7,6,5,4,2,1,0,4,8,13,80,147,214,227,240,253,0,0,0,0,5,11,17,25,34,43,113,184,255,253,251,250,1,0,0,0,0,0,1,36,71,106,154,203,252,250,248,247,0,0,0,1,3,5,7,33,59,85,138,191,245,243,241,239,4,4,4,4,2,1,0,9,18,28,99,170,241,245,250,255,0,0,0,0,6,12,19,12,6,0,21,43,65,112,159,207,9,6,3,0,0,0,0,0,0,0,0,0,0,1,2,4,0,0,0,0,0,0,1,6,11,16,10,5,0,3,6,10,1,4,8,12,8,4,0,0,0,0,2,4,7,4,2,0,9,6,3,0,2,4,7,4,2,0,0,0,0,3,6,9
6,4,2,0,4,8,13,9,5,1,0,0,0,0,0,0,0,2,5,8,5,2,0,4,8,13,12,12,12,11,10,9,0,2,4,6,4,2,0,0,0,0,0,0,0,0,0,0,4,2,1,0,11,22,34,22,11,0,2,5,8,44,80,116,10,9,8,7,4,2,0,4,9,14,81,148,216,226,237,248,2,1,0,0,4,9,14,21,28,35,107,179,251,235,219,203,8,7,6,5,3,1,0,0,0,0,60,121,182,186,190,195,0,0,0,1,2,3,5,65,125,186,156,126,96,70,45,20,7,6,5,5,9,14,19,95,172,249,250,252,254,254,254,255,0,2,4,6,16,26,37,79,122,165,154,143,132,135,138,142,0,0,0,0,60,121,182,179,176,173,115,57,0,0,0,0,0,4,8,12,52,92,133,149,166,183,145,107,70,60,51,42,0,0,1,2,1,0,0,4,9,14,21,28,35,23,11,0,13,8,4,0,5,10,15,10,5,0,1,2,4,4,4,4,0,0,0,0,0,0,0,4,8,12,12,12,12,8,4,0,0,6,12,18,13,8,4,2,1,0,0,0,0,0,0,0
1,0,0,0,0,0,0,0,1,2,1,0,0,1,3,5,0,0,1,2,2,2,2,4,6,8,5,2,0,3,7,11,1,1,1,2,1,0,0,0,1,2,1,0,0,4,9,14,3,2,1,1,0,0,0,0,0,0,0,0,0,11,23,35,3,2,1,0,0,0,0,1,2,4,4,4,4,24,44,64,1,0,0,0,0,0,0,1,3,5,3,2,1,23,46,69,0,0,0,0,0,0,0,0,0,1,0,0,0,27,54,81,0,0,0,1,1,1,2,3,4,5,5,5,5,41,77,114,6,4,2,0,1,2,3,2,1,0,5,11,17,33,49,66,0,1,2,4,2,1,0,0,0,0,16,33,50,44,39,34,0,5,10,16,10,5,0,0,0,0,27,54,82,56,30,4,0,3,7,11,7,3,0,1,2,3,24,45,67,44,22,0,1,0,0,0,0,0,1,0,0,0,5,10,16,10,5,0,6,4,2,0,2,4,7,4,2,0,0,0,0,1,2,4,5,3,1,0,2,5,8,5,2,0,0,0,0,1,3,5,0,1,2,3,2,1,0,0,0,0,5,10,16,10,5,0
0,0,0,0,2,5,8,5,2,0,0,0,1,6,11,17,6,4,2,1,0,0,0,4,9,14,9,4,0,0,0,0,1,0,0,0,2,5,8,5,2,0,0,0,1,7,14,21,0,0,0,0,0,0,0,3,6,10,6,3,0,2,5,8,0,0,0,0,0,0,0,2,5,8,5,2,0,6,13,20,0,0,0,1,4,7,11,7,3,0,0,0,1,26,51,76,2,1,0,0,0,0,0,4,8,13,8,4,0,26,53,80,0,0,0,0,0,0,0,0,0,0,2,4,7,41,76,111,0,3,6,10,6,3,0,0,0,0,0,0,0,30,60,90,0,0,0,0,0,0,0,0,0,0,7,15,23,37,51,66,5,3,1,0,1,2,3,2,2,2,18,34,50,46,42,38,4,2,1,0,1,2,4,4,4,5,18,31,45,34,24,14,0,0,1,2,1,0,0,0,0,0,4,8,12,8,4,0,0,1,3,5,3,1,0,0,0,0,0,0,0,0,0,0,4,2,1,0,2,4,6,4,2,1,0,0,0,0,0,0,8,5,2,0,2,4,6,4,2,0,2,5,8,5,2,0
5,3,2,1,0,0,0,2,4,7,8,9,11,7,3,0,0,0,0,1,3,5,8,6,5,4,2,1,0,0,0,0,2,1,0,0,2,4,7,4,2,0,6,12,18,14,10,6,0,0,0,0,0,0,1,0,0,0,43,86,130,117,104,91,4,2,1,0,0,0,0,3,6,10,84,159,234,212,191,170,5,5,5,5,3,1,0,0,0,0,81,163,245,216,188,160,0,0,0,0,1,2,4,4,4,4,80,156,233,209,185,161,9,6,3,0,0,0,1,0,0,0,80,160,241,245,250,255,0,4,8,13,8,4,0,1,2,3,80,157,234,217,201,185,2,1,0,0,0,0,0,2,5,8,86,165,244,216,188,161,0,0,0,0,0,0,0,3,6,9,85,161,238,207,176,146,0,7,14,22,14,7,0,1,3,5,84,163,242,216,190,164,2,1,0,0,1,3,5,3,1,0,0,0,0,0,0,0,0,4,8,13,9,6,3,2,1,0,0,0,0,2,5,8,0,2,5,8,6,4,2,1,0,0,0,0,0,0,0,0,8,5,2,0,0,0,0,0,0,0,1,3,5,3,1,0
0,0,0,0,0,1,2,1,0,0,0,0,0,1,3,5,1,2,4,6,6,6,7,4,2,0,0,0,0,0,1,2,0,0,0,0,0,0,0,1,2,4,3,2,2,1,0,0,6,4,2,0,0,0,0,0,0,0,0,0,0,14,28,42,0,0,1,2,1,0,0,0,0,0,11,22,33,100,167,234,0,1,2,4,2,1,0,0,0,0,4,8,13,93,174,255,0,0,0,0,0,0,0,4,8,13,12,11,11,89,167,245,1,3,5,7,4,2,0,0,1,2,5,9,13,93,174,255,0,0,0,0,0,0,0,0,0,0,7,14,21,99,177,255,11,7,3,0,0,0,0,4,9,14,13,12,11,88,166,244,0,0,0,0,6,12,19,13,7,2,1,0,0,85,170,255,7,4,2,0,0,0,0,3,6,10,13,16,19,97,175,253,2,3,4,6,4,2,0,0,0,0,12,25,38,103,169,235,0,1,2,4,5,6,8,12,16,20,13,6,0,0,0,0,0,0,0,0,0,0,0,0,0,0,0,0,0,7,14,21,0,2,5,8,6,4,2,2,2,3,2,1,0,1,2,4
5,3,1,0,0,0,0,0,0,0,1,2,4,2,1,0,2,1,0,0,0,0,0,1,3,5,3,1,0,3,7,11,0,1,3,5,4,3,2,2,2,2,1,0,0,1,2,4,1,4,8,12,8,4,0,2,4,6,25,44,64,53,42,31,0,0,0,0,0,0,0,21,43,65,127,189,251,215,179,143,14,11,8,5,3,1,0,13,26,40,111,183,255,213,172,131,0,1,2,3,6,9,13,26,39,53,119,185,252,212,172,132,1,3,5,7,4,2,0,14,28,42,113,184,255,255,255,255,0,0,0,0,0,0,0,19,38,57,123,189,255,234,213,193,2,6,10,14,9,4,0,13,26,40,111,183,255,214,173,133,0,0,0,0,2,4,7,24,41,58,123,188,253,210,167,125,0,3,6,10,6,3,0,15,31,47,113,179,246,212,178,144,0,0,0,0,0,0,1,2,3,4,5,6,8,5,2,0,0,3,6,9,6,3,0,0,0,0,3,6,9,10,11,12,3,2,1,0,0,0,0,1,3,5,3,1,0,0,0,0,1,1,1,2,1,0,0,0,0,0,6,12,18,12,6,0
5,3,1,0,0,0,0,3,6,10,6,3,0,0,0,0,0,5,10,16,10,5,0,0,0,0,3,6,10,6,3,0,0,5,11,17,14,11,8,6,5,4,4,4,4,2,1,0,13,8,4,0,0,0,0,0,0,0,10,20,31,79,128,177,0,0,0,0,5,10,15,13,11,10,15,21,27,103,179,255,7,5,3,2,1,0,0,1,2,4,15,27,39,111,183,255,0,1,2,3,2,1,0,1,3,5,16,27,38,107,176,245,0,1,2,3,2,1,1,0,0,0,14,29,44,114,184,255,2,2,2,3,3,3,3,2,1,0,16,32,48,112,177,242,0,0,0,0,0,0,0,0,0,0,14,28,43,113,184,255,2,1,0,0,2,5,8,7,6,5,17,29,41,111,181,251,0,2,5,8,6,5,4,2,1,0,14,28,43,111,179,248,6,4,2,0,0,0,0,4,8,13,9,5,2,2,2,3,0,0,1,2,1,0,0,0,0,0,1,2,4,3,2,1,1,1,2,3,3,3,4,2,1,0,0,1,2,1,0,0,0,0,0,0,0,0,1,0,0,0,0,0,0,3,6,10
6,4,2,0,0,0,0,0,0,0,0,0,0,0,0,0,0,0,0,0,1,2,4,4,4,4,4,4,5,6,7,8,2,3,4,5,5,5,5,3,1,0,1,2,3,2,1,0,0,0,0,0,1,2,4,2,1,0,33,67,101,71,42,13,2,1,0,0,0,0,0,2,4,6,83,160,237,181,126,71,3,2,1,0,0,0,1,0,0,0,85,170,255,185,115,46,0,1,3,5,8,11,14,9,4,0,77,155,233,174,115,56,0,1,2,4,2,1,0,0,0,0,85,170,255,236,217,198,0,3,6,10,6,3,0,0,1,2,85,168,252,203,154,106,0,0,0,0,0,0,1,3,5,8,84,160,236,176,116,56,12,8,4,0,0,0,0,0,1,2,79,157,235,177,119,62,0,2,4,6,12,18,24,16,8,0,83,166,250,186,123,60,10,6,3,0,0,0,0,6,12,18,12,6,0,1,2,3,0,3,6,10,11,12,14,13,12,11,9,7,5,3,2,1,0,0,0,0,0,0,0,0,0,0,0,0,0,1,3,5,12,8,4,0,3,6,10,8,6,5,3,1,0,0,0,0
0,2,4,6,5,4,3,2,1,1,0,0,0,5,11,17,8,5,2,0,3,6,10,6,3,0,0,0,0,0,0,0,0,0,0,0,1,2,4,5,7,9,8,7,6,5,4,3,5,6,7,9,6,3,0,0,0,0,0,0,0,41,83,125,0,0,0,0,2,4,6,4,2,0,10,20,31,105,180,255,0,1,2,4,3,2,2,1,0,0,8,17,26,94,162,230,0,5,10,16,10,5,0,0,0,0,11,23,35,108,181,255,6,4,2,0,6,12,18,12,7,2,3,5,7,89,172,255,0,0,0,0,3,6,10,7,5,3,7,11,16,95,175,255,17,11,5,0,0,0,0,0,0,0,12,24,36,104,172,241,0,0,0,0,0,0,0,3,6,9,12,16,20,97,174,251,23,15,7,0,5,10,16,11,6,1,8,15,22,99,177,255,0,4,8,12,8,4,0,0,0,0,0,0,1,0,0,0,13,9,5,1,2,3,5,3,1,0,1,2,3,2,1,1,0,3,6,9,7,6,5,5,6,7,4,2,0,3,7,11,8,6,4,2,1,0,0,0,0,0,2,5,8,5,2,0
0,0,0,0,2,4,7,4,2,0,2,4,6,5,4,4,13,8,4,0,0,0,0,0,0,0,0,0,0,3,6,10,4,2,1,0,0,0,0,3,6,9,6,3,0,0,1,2,0,4,8,13,8,4,0,0,1,2,1,0,0,2,5,8,0,4,9,14,9,4,0,0,0,0,1,2,3,43,84,125,0,0,0,0,0,0,0,0,0,0,1,2,3,80,157,234,6,4,2,0,0,0,1,0,0,0,4,8,13,84,155,226,0,1,2,4,2,1,0,1,2,3,24,46,68,120,172,224,3,3,4,5,3,1,0,6,13,20,54,88,122,142,162,182,0,0,0,1,3,5,7,4,2,0,55,111,167,133,99,66,8,5,2,0,2,4,6,6,7,8,85,162,240,162,84,7,0,0,0,0,1,2,3,18,33,49,102,155,208,139,70,2,10,13,16,19,12,6,0,0,0,0,9,18,27,18,9,0,0,0,0,0,2,4,6,4,2,1,0,0,0,4,8,12,11,7,3,0,0,0,1,2,3,5,3,1,0,0,0,0,2,2,2,3,2,1,0,1,2,3,4,5,7,4,2,0
0,1,2,4,2,1,0,3,7,11,7,3,0,0,0,1,6,4,3,2,1,0,0,0,0,0,0,0,0,2,4,6,1,0,0,0,0,0,0,0,0,0,2,4,7,5,3,2,0,0,0,0,2,4,6,4,2,0,2,4,6,4,2,0,1,1,1,1,1,1,2,1,0,0,0,0,0,1,2,4,4,2,1,0,0,0,0,0,0,1,1,1,2,3,5,7,0,0,0,0,0,0,1,2,4,6,5,4,4,3,3,3,0,1,2,3,3,3,4,2,1,0,0,0,0,0,0,1,4,2,1,0,0,0,0,3,6,10,6,3,0,5,10,15,3,3,4,5,3,1,0,0,0,0,4,9,14,11,8,6,0,0,0,0,0,0,0,0,0,0,0,0,0,25,50,75,7,6,6,6,7,9,11,11,11,11,7,4,1,39,77,115,0,2,4,7,4,2,0,0,0,0,3,7,11,10,9,8,5,6,8,10,6,3,0,1,2,4,8,12,16,10,5,0,0,0,0,0,0,0,0,2,4,6,4,2,0,4,8,12,0,3,6,9,6,4,2,1,0,0,0,0,0,1,3,5
0,0,1,2,2,3,4,4,4,4,2,1,0,0,1,2,0,0,0,0,0,0,0,0,0,0,0,0,1,1,1,1,0,4,8,13,10,8,6,4,2,0,3,6,10,6,3,0,0,0,1,2,1,0,0,0,0,0,47,94,142,135,129,123,4,2,1,0,0,0,0,0,0,1,82,163,245,239,234,229,0,2,4,6,7,9,11,7,3,0,82,164,246,232,219,206,0,0,0,0,0,0,0,2,4,7,89,172,255,244,233,222,6,5,4,3,2,1,0,3,6,9,88,167,246,249,252,255,0,1,2,3,3,3,3,2,1,0,85,170,255,246,237,229,8,5,2,0,2,4,7,4,2,0,85,170,255,243,231,220,3,2,1,0,2,5,8,5,2,0,81,162,244,236,229,222,0,5,10,15,10,5,0,0,0,0,84,168,252,241,230,220,8,5,2,0,1,3,5,3,1,0,2,4,6,4,3,2,0,4,8,12,8,4,0,0,0,0,4,8,13,8,4,0,0,1,3,5,3,2,1,0,0,0,0,0,0,0,0,1,5,3,1,0,0,0,0,0,0,0,0,0,0,3,6,10
0,1,2,4,2,1,0,3,6,9,6,3,1,1,1,1,0,3,6,10,8,7,6,4,2,0,0,0,0,0,0,0,5,3,1,0,0,0,0,0,0,0,5,10,15,10,5,0,0,0,0,0,3,7,11,8,5,2,1,0,0,12,24,36,2,1,0,0,0,0,0,0,0,0,15,31,47,116,185,255,0,1,3,5,5,6,7,7,7,7,10,13,17,95,174,253,9,6,3,0,0,0,0,1,2,3,14,25,36,106,176,247,0,2,4,6,5,4,4,2,1,0,15,31,47,116,185,255,0,1,2,4,7,10,14,9,4,0,9,18,28,103,179,255,15,10,5,0,0,0,0,1,2,3,16,30,44,110,176,242,0,0,1,2,6,10,14,9,4,0,8,17,26,102,178,255,0,0,0,0,2,5,8,5,2,0,11,23,35,107,179,252,0,0,0,1,0,0,0,0,0,0,14,28,42,113,184,255,7,4,2,0,3,7,11,16,21,27,18,9,0,0,1,2,7,4,2,0,0,0,0,3,6,10,6,3,0,0,0,0,2,2,2,3,2,1,0,0,0,1,0,0,0,0,0,0
1,0,0,0,0,0,0,0,0,0,1,3,5,3,1,0,0,0,0,0,5,10,15,13,11,10,6,3,0,0,0,0,1,0,0,0,0,0,0,0,0,0,0,0,0,0,0,0,9,9,9,10,7,5,3,4,6,8,37,66,95,66,37,8,0,0,0,1,0,0,0,3,6,9,65,121,177,118,59,0,1,7,13,19,12,6,0,0,1,2,65,128,192,128,64,0,0,0,1,2,1,0,0,0,0,0,56,112,169,118,67,16,4,2,1,0,1,3,5,5,5,5,67,129,192,180,169,158,2,1,0,0,3,7,11,7,4,1,59,118,177,118,59,0,0,0,0,1,0,0,0,0,0,0,55,110,165,111,58,5,0,0,0,0,2,5,8,5,2,0,63,126,189,127,66,5,0,0,0,0,5,10,16,10,5,0,49,98,148,98,49,0,1,2,3,5,3,1,0,0,0,1,10,19,28,18,9,0,2,2,2,3,2,1,0,0,1,2,1,0,0,0,0,0,0,0,0,0,4,8,12,8,4,0,3,7,11,7,3,0,0,3,6,9,6,3,0,0,0,0,0,0,0,1,2,3
0,3,6,10,6,3,0,1,2,4,5,6,7,4,2,0,0,1,2,3,2,1,0,0,0,0,0,0,0,0,0,0,4,2,1,0,3,6,10,11,12,13,9,5,1,0,0,0,1,0,0,0,0,0,0,0,0,0,0,0,0,14,28,42,4,7,10,13,12,11,11,7,3,0,7,15,23,70,118,166,0,0,0,0,0,0,0,0,0,0,2,4,6,60,114,168,14,9,4,0,0,0,0,0,1,2,1,0,0,58,116,174,0,2,4,6,6,6,6,4,3,2,1,0,0,68,136,205,0,0,0,1,1,2,3,2,1,0,1,2,4,75,146,217,0,1,3,5,3,1,0,0,0,0,4,8,13,61,110,159,5,4,3,3,2,1,0,0,0,0,3,6,10,58,107,156,4,2,1,0,1,3,5,3,1,0,0,0,0,65,130,195,3,2,1,0,1,3,5,3,1,0,0,0,0,50,101,152,3,2,1,0,0,0,0,0,0,0,1,2,3,13,24,35,1,0,0,0,0,0,0,0,0,0,1,2,4,2,1,0,0,0,0,0,3,6,9,6,4,2,1,0,0,3,6,10
0,1,3,5,5,5,5,3,1,0,3,6,10,6,3,0,0,0,0,0,0,0,0,0,0,0,2,4,7,8,9,10,2,4,7,10,10,10,10,6,3,0,0,0,0,0,0,0,0,0,1,2,2,2,2,7,12,18,49,81,113,120,128,136,2,1,0,0,0,0,0,4,8,13,51,89,128,163,198,234,4,2,1,0,3,6,10,9,8,8,31,55,79,137,196,255,8,5,2,0,0,1,2,1,0,0,25,51,77,136,195,255,0,1,3,5,4,3,2,1,0,0,33,66,100,150,201,252,0,1,2,4,2,1,0,0,0,0,35,70,105,155,205,255,0,3,6,9,7,5,3,3,4,5,33,62,91,145,200,255,6,4,2,0,2,4,7,4,2,0,30,60,90,145,200,255,2,4,7,10,6,3,0,15,30,45,92,139,186,202,218,235,0,0,0,0,8,16,25,16,8,0,0,0,0,0,0,0,0,0,0,0,0,0,0,2,4,7,4,2,0,0,0,0,18,12,6,0,3,6,10,6,3,0,0,0,0,5,11,17,0,1,2,4,2,1,0,0,0,0,4,8,12,8,4,0
0,3,7,11,10,9,9,6,3,0,0,0,1,2,3,4,6,4,2,0,0,0,0,0,0,1,1,1,2,2,2,2,0,0,0,0,1,2,4,4,4,4,2,1,0,2,5,8,0,2,4,6,4,2,0,0,1,2,26,51,76,99,122,146,0,3,6,9,6,3,0,0,0,0,24,48,73,129,186,243,3,2,1,0,4,8,13,8,4,0,0,0,0,70,140,210,0,0,0,0,0,0,0,1,3,5,3,1,0,69,138,207,0,3,7,11,7,3,0,0,0,0,5,10,15,81,147,213,0,1,2,4,6,8,11,7,3,0,2,4,6,75,144,214,4,2,1,0,0,0,0,0,0,0,0,1,2,74,146,218,6,8,10,12,8,4,0,1,2,4,2,1,0,73,146,219,0,2,4,6,5,4,3,2,1,0,0,1,2,69,136,203,18,12,6,0,0,0,0,1,2,3,26,49,73,124,175,227,0,0,0,0,6,13,20,13,7,1,0,0,0,0,0,0,12,8,4,0,0,0,0,0,0,1,2,3,5,3,1,0,0,2,4,7,4,2,0,1,3,5,3,1,0,0,0,0
0,4,8,12,8,4,0,1,2,3,2,2,2,1,0,0,0,0,0,1,0,0,0,0,0,0,0,0,0,2,4,6,0,3,6,9,14,19,24,16,8,0,3,7,11,11,11,11,12,8,4,0,0,0,0,2,4,7,58,109,161,163,165,167,0,3,6,9,6,3,0,2,4,7,67,128,189,180,171,163,0,3,6,9,6,3,0,0,0,0,66,133,200,189,178,167,0,2,4,6,4,2,0,1,2,3,64,125,186,178,170,163,0,0,0,1,1,1,1,2,4,6,66,126,187,209,232,255,0,0,0,0,1,2,3,2,1,0,62,125,188,180,172,165,7,4,2,0,1,2,3,5,8,11,69,128,187,181,175,169,0,3,6,10,6,3,0,0,0,0,62,124,186,178,170,162,0,4,9,14,9,4,0,3,6,10,69,128,188,179,171,163,0,0,0,0,2,4,6,4,2,0,0,0,0,0,0,0,7,4,2,0,1,2,3,3,3,4,3,2,2,1,1,1,0,5,10,15,10,5,0,0,0,0,0,1,2,1,0,0,0,1,3,5,3,1,0,1,3,5,3,1,0,0,0,0
4,2,1,0,3,6,10,12,14,16,10,5,0,0,0,0,2,1,0,0,0,0,0,0,0,0,2,4,6,6,6,7,3,4,5,6,4,2,0,0,0,0,0,0,0,3,6,9,0,0,1,2,6,10,14,9,4,0,3,6,10,77,145,213,14,9,4,0,0,0,0,1,3,5,3,1,0,77,155,233,0,0,0,0,0,0,0,0,0,0,0,0,0,84,169,254,2,2,2,3,2,1,0,1,2,4,2,1,0,77,155,233,0,1,2,4,2,1,0,0,1,2,1,0,0,81,162,244,0,2,5,8,5,2,0,3,6,10,6,3,0,80,160,240,0,0,0,0,0,0,0,2,4,7,7,7,7,76,145,215,0,2,4,7,10,14,18,12,6,0,0,0,0,79,158,238,8,7,7,7,4,2,0,2,4,6,4,2,0,77,154,231,0,2,4,7,4,2,0,0,0,0,3,7,11,86,161,237,0,0,0,0,7,14,22,20,18,16,10,5,0,0,1,2,3,2,1,0,0,0,1,0,0,0,2,4,6,8,10,12,0,1,2,3,2,1,0,3,7,11,7,3,0,0,0,0
0,0,0,0,3,6,9,6,3,0,0,0,0,3,6,10,13,8,4,0,0,0,0,2,5,8,5,2,0,0,0,1,0,3,6,9,6,4,2,5,8,12,8,4,0,0,0,1,2,2,2,2,1,0,0,10,20,31,82,133,184,207,231,255,0,1,2,3,5,7,9,6,3,1,68,135,203,220,237,255,19,15,11,8,5,2,0,3,6,10,87,164,242,246,250,254,0,0,0,0,0,0,0,25,50,76,135,195,255,247,239,231,0,4,8,13,10,7,4,43,83,123,164,205,246,233,221,209,11,7,3,0,0,1,2,63,125,187,208,229,250,209,168,127,2,5,8,12,14,16,18,90,162,234,241,248,255,190,125,60,0,0,0,0,9,18,27,101,175,250,251,252,254,170,87,4,3,13,23,34,69,104,139,177,216,255,246,237,228,166,104,42,12,8,4,0,0,0,0,0,0,0,1,3,5,3,1,0,0,1,2,3,5,7,10,6,3,0,0,0,0,0,0,0,3,2,1,0,0,0,0,4,8,13,11,9,7,4,2,0,0,1,2,3,6,9,12,9,6,3,2,1,0,4,9,14
0,0,0,1,0,0,0,0,0,0,2,5,8,5,2,0,14,10,6,3,2,1,0,0,0,0,0,0,0,0,0,0,0,0,0,0,2,5,8,11,15,19,12,6,0,0,0,0,7,4,2,0,0,0,0,0,0,0,0,0,0,10,20,30,0,0,0,0,0,1,2,4,6,8,5,2,0,2,5,8,2,2,2,3,2,1,0,1,2,3,3,3,3,17,31,45,1,1,1,1,0,0,0,0,0,0,0,0,1,42,83,125,0,0,0,1,2,3,5,3,1,0,0,0,0,65,130,195,1,0,0,0,2,4,7,4,2,0,1,2,3,87,171,255,0,3,6,10,6,3,0,2,5,8,30,52,75,131,188,245,9,6,4,2,3,4,6,5,4,3,48,94,140,176,213,250,0,0,0,0,0,0,0,0,0,0,71,142,213,225,238,251,15,10,6,2,2,3,4,5,6,7,5,3,2,1,0,0,0,0,1,2,1,0,0,0,0,0,4,8,12,8,4,0,2,1,0,0,5,10,15,10,5,0,0,0,0,3,7,11,0,2,5,8,5,2,0,2,4,7,4,2,0,1,3,5
5,3,1,0,0,0,0,0,0,0,2,4,7,7,7,7,0,1,2,3,2,1,0,0,1,2,2,2,2,1,0,0,0,1,2,4,3,2,1,4,7,11,7,3,0,0,0,0,5,6,7,8,5,2,0,0,0,0,0,0,0,4,9,14,0,1,3,5,4,3,2,5,8,11,7,3,0,0,0,0,3,3,3,3,2,1,0,0,0,0,0,0,0,0,0,1,0,0,0,0,2,4,6,4,2,0,1,3,5,3,1,0,0,0,0,0,3,7,11,7,3,0,1,3,5,4,3,3,0,1,2,3,2,1,0,0,0,0,3,6,10,6,3,0,0,0,1,2,3,4,6,4,2,0,0,0,0,0,0,0,3,3,3,3,4,5,6,4,2,0,0,0,0,0,0,1,0,0,0,0,0,0,0,4,9,14,22,30,39,50,61,73,13,8,4,0,0,0,0,0,0,0,0,0,0,2,4,7,1,2,3,5,3,2,1,1,2,3,2,1,0,0,0,0,0,1,2,4,2,1,0,2,5,8,7,6,6,4,2,0,0,1,3,5,3,1,0,0,0,0,2,4,6,4,2,0
3,2,1,0,0,0,0,0,0,1,0,0,0,0,0,0,0,0,0,0,0,0,1,3,6,9,9,10,11,10,9,8,11,9,7,6,4,2,0,0,0,0,0,0,0,0,0,0,0,0,0,0,1,2,3,3,3,3,3,4,5,6,7,8,0,0,1,2,1,1,1,0,0,0,0,0,0,0,0,0,3,2,1,0,0,0,0,0,0,0,2,4,7,14,22,30,3,2,1,0,0,1,2,3,4,5,3,1,0,0,0,0,1,0,0,0,0,0,0,3,6,9,7,5,3,2,1,0,10,6,3,0,1,2,4,2,1,0,2,4,7,4,2,0,0,0,0,0,2,4,7,5,4,3,4,6,8,5,3,1,9,6,3,0,1,3,5,3,1,0,0,0,0,0,0,0,0,0,0,0,1,2,3,3,3,4,12,20,29,40,51,62,0,0,0,0,0,1,2,1,0,0,0,0,1,2,4,6,3,2,1,0,0,0,0,0,0,0,0,0,0,0,0,0,5,3,1,0,0,0,0,0,0,0,0,0,0,1,2,4,0,0,0,0,0,0,0,2,5,8,5,2,0,0,0,0
1,3,5,8,5,2,0,0,0,0,0,0,0,2,5,8,0,0,0,0,0,0,0,3,6,9,7,6,5,5,5,6,3,3,3,4,2,1,0,0,0,0,0,0,0,4,8,13,0,2,5,8,6,5,4,2,1,0,0,0,0,23,46,70,0,1,2,4,3,2,1,0,0,0,0,0,0,21,42,64,4,2,1,0,0,0,0,1,3,5,3,1,0,0,0,0,0,0,0,0,0,0,0,3,7,11,10,9,9,6,3,0,0,5,10,15,10,5,1,0,0,0,1,2,3,2,1,0,0,4,8,12,8,4,0,0,0,1,0,0,0,2,4,6,0,1,3,5,3,1,0,6,12,18,12,6,0,0,0,0,5,3,1,0,0,0,0,4,8,12,8,4,0,4,8,13,0,6,12,18,14,10,7,4,2,0,0,0,0,42,85,128,9,6,3,0,0,0,0,7,14,21,16,11,6,4,2,0,0,0,0,0,0,1,2,1,0,0,0,0,0,0,1,2,10,7,5,3,4,5,7,7,7,7,4,2,0,0,0,0,0,0,0,0,0,0,0,0,0,0,1,2,3,3,4,5
9,6,3,0,2,4,6,5,4,3,2,1,0,1,2,4,0,1,2,4,2,1,0,0,0,0,3,7,11,8,5,2,0,0,0,0,3,6,10,6,3,0,0,0,0,2,4,6,15,10,5,0,0,0,0,3,6,9,7,5,3,5,8,11,0,2,5,8,7,7,7,6,5,4,2,1,0,0,0,0,0,1,2,4,2,1,0,0,0,0,0,0,0,2,4,7,3,2,1,1,3,5,7,6,5,4,2,1,0,3,6,10,0,1,2,3,2,1,0,3,6,10,8,7,6,4,2,0,0,3,6,9,6,4,2,2,2,2,1,1,1,0,0,0,1,1,1,2,1,0,0,0,0,0,2,4,7,10,14,18,0,0,0,0,3,6,10,6,3,0,0,0,0,0,0,0,13,8,4,0,0,0,0,0,0,0,3,6,9,6,3,0,0,0,0,0,4,8,12,8,4,0,0,0,0,1,2,3,0,0,0,1,2,4,6,4,2,0,2,5,8,7,6,5,0,4,8,12,9,6,3,2,1,0,0,0,0,0,0,0,0,0,0,0,0,0,0,3,7,11,9,7,5,3,1,0
3,2,1,0,0,0,0,3,6,9,6,3,0,0,0,1,0,0,1,2,1,0,0,3,6,9,6,3,0,0,1,2,0,1,2,4,2,1,0,1,2,3,2,1,0,2,4,6,5,4,4,4,2,1,0,0,0,0,0,0,0,1,3,5,0,1,2,3,2,2,2,3,4,5,3,1,0,0,0,0,0,0,0,0,0,1,2,5,8,11,7,3,0,0,0,0,1,0,0,0,0,0,0,1,3,5,5,6,7,4,2,0,0,0,0,1,0,0,0,0,0,0,0,0,0,0,0,1,1,0,0,0,0,1,2,1,0,0,4,8,12,8,4,0,0,1,2,4,5,7,9,6,3,0,0,0,0,0,0,0,4,2,1,0,0,0,0,0,1,2,4,7,10,6,3,0,0,0,0,0,3,6,9,8,7,7,4,2,0,0,0,0,0,0,0,0,0,0,0,0,0,0,2,5,8,8,8,9,0,2,4,6,5,5,5,3,1,0,0,0,0,0,0,0,5,3,1,0,0,0,0,3,6,9,9,9,9,6,3,0,0,0,1,2,1,1,1,0,0,0,0,0,0,0,0,0
0,2,5,8,5,2,0,2,4,6,4,2,0,2,4,6,0,0,0,0,0,0,0,3,7,11,7,3,0,0,0,0,0,4,8,13,8,4,0,0,0,0,0,0,0,3,7,11,0,0,0,0,0,0,0,4,8,13,8,4,0,0,0,0,3,2,1,0,0,0,0,2,4,6,5,4,3,2,1,0,0,6,12,19,14,10,6,4,2,0,0,0,0,4,8,13,0,0,0,0,0,0,0,0,1,2,1,0,0,0,0,0,10,6,3,0,0,0,0,0,1,2,3,5,7,4,2,0,6,4,2,0,0,0,0,4,9,14,9,4,0,0,1,2,0,3,7,11,7,4,1,0,0,0,0,0,0,2,4,7,0,2,4,7,4,2,0,0,0,0,3,7,11,8,6,4,0,2,4,7,6,5,5,5,5,6,4,2,0,0,0,0,2,1,0,0,0,0,0,0,0,0,0,0,1,5,9,13,0,0,0,0,2,5,8,6,4,2,1,0,0,0,1,2,8,5,2,0,0,0,0,2,5,8,9,10,11,7,3,0,0,3,6,9,7,5,3,2,1,0,1,2,4,4,4,4
0,1,2,4,3,2,2,1,0,0,2,4,7,4,2,0,11,7,3,0,0,0,0,0,0,0,0,0,0,2,4,7,11,7,3,0,1,2,3,4,5,7,4,2,0,0,1,2,0,0,0,0,3,6,9,9,9,10,6,3,0,0,0,0,0,0,0,1,1,1,1,0,0,0,0,0,0,0,0,0,0,1,2,4,2,1,0,0,0,0,3,7,11,7,3,0,0,0,0,0,1,2,4,3,2,2,4,6,9,7,5,3,1,0,0,0,3,6,9,6,3,0,0,0,0,2,4,6,2,1,0,0,0,0,0,2,5,8,5,3,1,0,0,0,0,2,4,7,8,9,11,7,3,0,0,0,0,3,6,9,2,1,0,0,1,2,3,2,1,0,2,4,7,7,7,7,0,0,0,0,3,7,11,7,3,0,0,0,0,0,0,0,3,2,1,1,0,0,0,0,0,0,2,4,7,8,9,10,0,1,2,4,3,2,2,4,6,9,6,3,0,0,0,0,6,4,2,0,0,0,0,3,6,10,9,8,8,5,2,0,0,0,1,2,5,8,11,7,3,0,0,0,0,3,6,9
0,0,0,0,2,5,8,5,2,0,0,0,0,0,0,1,7,4,2,0,0,0,0,2,5,8,7,6,5,3,1,0,1,2,3,4,4,4,5,3,1,0,0,0,0,2,4,7,3,2,1,0,0,0,0,4,8,13,8,4,0,0,0,0,6,4,2,0,0,0,0,3,6,9,7,6,5,4,4,4,0,4,9,14,11,8,5,3,1,0,0,0,0,4,9,14,0,0,0,0,1,2,4,6,9,12,8,4,0,0,0,0,3,2,1,0,0,0,0,2,4,6,4,2,0,0,0,0,8,5,2,0,0,0,0,2,4,7,4,2,0,1,3,5,0,4,8,12,10,8,6,4,2,0,0,0,0,4,8,12,0,1,3,5,3,1,0,0,0,0,3,7,11,8,6,4,0,1,3,5,4,4,4,3,2,2,1,0,0,0,0,0,5,3,1,0,0,0,0,0,0,0,1,2,3,6,10,14,2,1,0,0,3,6,9,8,8,8,5,2,0,0,0,1,6,4,2,0,0,0,0,4,8,13,10,7,5,3,1,0,0,4,8,12,8,4,1,0,0,0,0,0,0,0,0,0
0,0,0,0,0,0,1,1,1,1,1,2,3,3,4,5,0,0,1,2,2,2,2,1,0,0,0,0,0,0,0,0,1,1,1,2,2,2,3,2,1,0,0,0,0,0,0,0,3,2,1,0,0,0,0,0,1,2,2,2,2,1,0,0,5,3,1,0,0,0,0,0,1,2,3,4,5,3,2,1,6,4,2,0,0,0,0,0,0,1,1,1,2,1,0,0,3,2,1,0,0,0,0,0,1,2,1,0,0,0,0,0,0,0,0,0,0,0,1,2,3,4,2,1,0,0,0,0,6,4,2,0,0,0,0,4,8,13,8,4,0,1,2,3,0,2,5,8,7,6,5,3,1,0,0,0,0,3,7,11,2,1,0,0,0,0,0,0,0,0,2,5,8,6,4,3,0,0,0,0,2,4,7,5,3,2,1,0,0,0,0,0,0,2,4,6,4,2,0,0,0,0,1,3,5,6,7,9,0,2,4,7,5,4,3,3,3,3,2,1,0,0,0,0,9,6,3,0,0,0,0,3,6,9,6,4,2,1,0,0,6,4,2,0,3,6,10,6,3,0,0,0,0,2,4,7
2,2,2,2,5,9,13,8,4,0,2,5,8,5,2,0,0,0,0,0,0,0,0,0,0,0,4,9,14,10,6,2,10,8,6,5,4,3,2,1,1,1,2,4,6,4,2,0,0,0,0,0,0,0,0,0,1,2,1,0,0,0,0,0,0,1,2,3,2,1,0,0,0,1,0,0,0,0,0,0,9,9,9,10,7,4,2,1,1,1,1,2,3,3,4,5,0,0,0,0,0,0,0,0,0,0,1,3,5,7,9,11,5,3,1,0,1,3,5,4,3,2,1,0,0,0,0,0,1,0,0,0,0,1,2,1,0,0,0,1,2,1,0,0,0,0,0,0,0,1,2,2,3,4,5,7,9,6,3,0,2,2,2,2,4,6,9,6,3,0,0,0,0,2,4,7,0,0,0,0,0,1,2,5,9,13,11,9,7,4,2,0,12,8,4,0,0,0,0,0,0,0,0,1,2,4,6,8,0,1,3,5,6,7,9,8,8,8,5,2,0,0,0,0,1,2,4,6,4,2,0,0,0,0,1,3,5,5,6,7,0,3,7,11,7,3,0,0,0,0,0,0,1,0,0,0
0,2,5,8,5,2,0,0,0,0,0,0,0,4,8,12,0,0,0,0,0,0,0,4,9,14,9,4,0,0,0,0,8,5,3,1,0,0,0,2,4,6,4,2,0,1,2,3,1,1,1,1,0,0,0,0,0,0,2,4,6,30,54,78,0,0,0,0,0,0,0,0,0,0,2,5,8,34,60,87,4,3,3,3,3,3,4,3,3,3,2,1,0,1,3,5,0,0,0,1,0,0,0,3,6,10,6,3,0,0,0,0,0,1,2,3,2,1,0,0,0,0,2,5,8,5,3,1,0,2,4,7,4,2,0,0,0,0,1,2,4,3,2,2,6,4,2,0,0,0,0,1,3,5,3,1,0,0,0,0,0,1,3,5,5,5,6,4,3,2,1,0,0,11,23,35,0,3,6,9,6,4,2,1,0,0,5,10,15,51,87,124,11,7,3,0,0,0,0,2,5,8,5,2,0,0,0,0,10,6,3,0,0,0,0,4,8,12,8,4,0,0,0,0,0,1,2,3,2,2,2,4,6,8,5,2,0,1,3,5,1,2,3,4,2,1,0,0,0,0,0,0,0,4,8,13
7,4,2,0,1,2,3,3,3,4,2,1,0,0,0,0,11,7,3,0,0,0,0,0,0,1,2,3,4,4,4,4,0,1,3,5,7,10,13,8,4,0,0,0,0,3,6,9,0,0,0,0,0,0,0,0,0,0,2,5,8,9,10,12,9,6,3,0,0,0,0,4,8,12,8,4,0,0,0,0,7,4,2,0,0,0,0,1,3,5,5,5,5,4,4,4,0,2,5,8,7,6,6,4,2,0,0,0,0,2,5,8,7,4,2,0,0,0,0,3,6,9,6,3,0,1,2,3,0,0,1,2,1,0,0,3,6,10,6,3,0,0,0,1,3,4,5,6,4,2,0,0,0,0,0,0,0,1,2,3,0,0,1,2,1,0,0,1,2,3,2,2,2,1,0,0,0,0,0,0,0,0,0,5,10,16,14,12,10,6,3,0,13,11,9,7,4,2,0,0,0,0,0,0,0,1,2,3,0,2,4,7,8,10,12,9,6,3,3,4,5,3,1,0,1,1,2,3,2,1,1,0,0,0,0,0,0,3,7,11,5,3,1,0,0,0,0,1,2,4,2,1,0,0,0,0
0,3,6,10,8,6,5,3,1,0,0,0,0,0,0,0,0,1,2,3,2,1,0,0,0,0,4,8,13,12,11,11,11,9,7,6,4,2,0,0,0,0,0,0,0,0,0,0,0,0,0,0,0,0,0,3,6,9,10,11,13,15,18,21,0,1,3,5,3,1,0,1,2,4,2,1,0,0,0,0,0,0,0,1,0,0,0,2,4,6,4,2,0,0,0,0,0,0,0,1,0,0,0,2,4,6,4,2,0,2,4,7,0,2,4,6,4,2,0,1,2,4,2,1,0,1,2,4,4,3,3,3,3,3,3,2,1,0,0,0,0,1,2,3,1,0,0,0,0,0,0,0,1,2,1,0,0,0,0,0,2,1,0,0,0,0,0,2,4,7,6,5,4,2,1,0,0,1,2,3,6,10,14,10,6,2,1,0,0,0,0,0,6,4,2,0,0,0,0,0,0,0,4,8,13,11,9,8,0,1,3,5,6,8,10,6,3,0,0,0,0,0,0,0,0,0,0,0,1,3,5,3,1,0,3,6,10,6,3,0,3,2,1,0,0,0,0,0,0,0,2,5,8,5,2,0
0,0,0,0,3,6,10,7,4,1,0,0,0,0,0,0,0,0,0,0,0,0,0,0,0,0,0,0,0,7,14,22,11,7,3,0,1,3,5,7,9,12,9,6,4,2,1,0,0,0,0,0,0,0,0,2,4,7,4,2,0,0,1,2,7,11,15,20,18,16,14,9,4,0,0,0,0,2,4,7,0,0,0,0,0,0,0,0,0,0,1,2,3,6,9,12,16,12,8,4,2,1,0,1,2,3,2,1,0,0,0,1,0,1,2,3,2,1,0,1,2,3,2,1,0,2,4,6,0,2,4,7,5,3,1,1,1,2,1,0,0,1,2,3,1,0,0,0,0,0,0,1,2,4,3,2,2,2,2,3,2,1,0,0,0,0,0,3,6,9,6,3,0,0,0,0,1,1,1,2,3,4,6,6,6,7,4,2,0,0,0,0,0,0,0,0,0,0,0,0,0,0,1,2,3,4,6,8,0,0,0,0,1,2,3,2,1,0,0,0,0,3,6,9,0,0,0,1,4,8,12,8,4,1,0,0,0,0,0,0,2,1,0,0,0,1,2,2,2,3,2,2,2,1,1,1
3,2,1,1,0,0,0,0,0,0,0,1,2,1,0,0,0,0,0,0,0,0,1,1,1,2,3,4,6,7,8,10,0,1,2,3,4,5,6,4,2,0,0,0,0,0,0,0,0,0,0,0,1,3,5,4,3,2,1,0,0,9,18,27,0,0,0,0,0,1,2,4,6,8,5,2,0,9,19,29,6,4,2,0,0,0,0,1,2,4,2,1,0,0,0,0,0,0,0,1,0,0,0,1,3,5,3,2,1,0,0,0,0,1,2,4,2,1,0,0,0,0,3,6,9,6,3,0,0,2,5,8,5,2,0,0,0,0,1,2,4,2,1,0,9,8,7,6,4,2,0,0,0,0,0,0,0,0,0,0,0,0,0,0,0,0,0,2,5,8,5,2,0,3,7,11,0,0,0,0,0,0,0,0,0,0,0,0,0,16,33,50,0,0,0,0,5,10,15,13,11,10,6,3,0,0,0,0,10,6,3,0,0,0,0,1,2,3,2,1,0,0,0,0,0,0,0,0,0,0,0,2,4,6,7,8,10,7,4,2,0,3,6,9,7,6,5,3,1,0,0,0,0,0,1,2
0,4,8,12,9,6,4,2,1,0,0,0,0,5,10,16,12,9,6,3,2,1,0,5,11,17,12,7,2,1,0,0,3,6,9,12,8,4,0,1,2,4,2,1,0,0,0,0,0,0,0,0,2,5,8,9,11,13,9,5,2,1,0,0,10,6,3,0,0,0,0,0,0,0,1,2,3,4,5,7,0,2,5,8,5,2,0,1,3,5,3,1,0,0,0,0,6,4,2,0,0,0,0,2,5,8,5,2,0,3,6,10,0,0,0,0,3,7,11,7,3,0,0,0,0,0,0,0,0,0,0,0,2,4,7,6,5,5,3,1,0,2,4,7,9,6,3,0,0,0,0,0,0,0,0,0,0,1,2,4,0,0,0,0,3,6,9,11,13,16,10,5,0,0,0,0,6,4,2,0,1,2,3,3,3,3,2,1,0,4,9,14,0,0,0,0,0,0,0,1,2,4,4,5,6,4,2,1,8,7,6,5,3,1,0,0,0,0,0,0,0,3,6,10,0,2,4,6,6,6,6,5,4,4,2,1,0,0,0,0,1,0,0,0,0,0,0,0,1,2,1,0,0,0,0,0
2,1,0,0,2,4,6,4,2,1,0,0,0,0,0,1,0,0,0,1,2,3,5,3,1,0,1,3,5,7,9,11,1,2,4,6,4,2,0,0,0,0,0,1,2,1,0,0,1,0,0,0,0,0,0,1,2,3,6,10,14,9,4,0,2,2,3,4,2,1,0,1,2,4,5,6,7,4,2,0,0,3,7,11,7,3,0,0,0,0,0,0,0,0,0,0,0,1,2,4,2,1,0,1,2,3,4,6,8,11,14,18,9,7,5,4,2,1,0,1,2,3,2,1,0,0,0,0,5,3,1,0,2,5,8,8,8,9,6,3,0,1,2,4,0,0,0,0,0,0,0,0,0,0,1,2,4,5,6,7,6,8,10,13,9,5,1,0,0,0,0,1,2,1,0,0,0,0,0,0,0,0,0,0,0,0,0,0,1,2,3,5,16,13,10,7,6,5,4,4,5,6,4,2,0,0,0,0,0,0,0,0,0,0,0,1,3,5,3,1,0,2,5,8,0,3,7,11,9,8,7,5,3,2,1,0,0,0,0,0,0,3,7,11,7,3,0,0,0,0,4,8,12,8,4,0
0,3,6,10,6,3,0,0,1,2,2,2,3,2,1,0,13,8,4,0,0,0,0,0,0,1,0,0,0,2,4,6,0,0,0,0,4,8,13,8,4,0,1,3,5,8,11,14,14,9,4,0,0,0,0,0,0,0,0,0,0,0,0,0,7,4,2,0,0,0,1,8,15,23,15,7,0,0,0,0,0,4,8,12,8,4,0,0,0,0,0,0,0,9,18,28,0,4,8,13,9,5,1,4,8,12,10,8,7,4,2,0,4,2,1,0,0,0,0,0,0,0,0,1,2,4,6,9,1,0,0,0,0,0,1,2,3,5,3,1,0,0,0,0,0,0,0,0,0,1,2,1,0,0,0,0,0,3,7,11,3,2,1,0,1,3,5,3,1,0,0,0,0,0,1,2,7,4,2,0,2,5,8,7,6,5,3,1,0,0,0,0,9,6,3,0,0,0,1,0,0,0,0,0,0,3,7,11,0,0,0,1,5,10,15,10,6,2,3,5,7,4,2,0,4,6,8,11,7,3,0,0,0,0,0,0,0,3,6,10,0,0,0,1,0,0,0,3,6,9,8,7,7,4,2,0
0,1,2,3,2,1,0,2,4,6,5,4,3,2,1,0,5,3,1,0,0,0,0,0,0,0,0,1,2,2,3,4,0,0,0,0,3,6,10,9,8,8,8,9,10,6,3,0,11,8,5,2,3,4,5,3,1,0,0,0,0,9,19,29,0,0,0,0,4,8,13,12,11,10,6,3,0,0,0,0,5,3,1,0,0,0,0,1,3,5,3,1,0,0,0,0,11,8,5,3,2,1,0,0,0,1,0,0,0,6,12,18,0,0,1,2,1,0,0,4,8,12,8,5,2,14,26,39,0,0,0,0,2,5,8,5,2,0,0,1,2,36,70,105,4,2,1,0,0,0,0,1,2,3,2,1,0,50,100,151,0,3,6,9,6,3,1,4,8,12,9,6,3,74,145,216,9,9,9,10,6,3,0,10,20,30,42,54,67,128,189,251,0,0,0,0,0,0,0,4,8,13,8,4,0,1,2,4,3,4,5,7,4,2,0,0,0,0,2,4,6,4,2,0,0,2,5,8,8,9,10,6,3,0,0,0,0,1,2,4,13,8,4,0,0,0,0,4,9,14,9,4,0,1,2,4
0,0,0,0,0,0,0,0,0,0,4,8,13,8,4,0,0,0,0,0,5,10,16,10,5,0,0,0,0,3,6,10,12,8,4,0,2,5,8,5,2,0,0,0,0,3,6,9,0,0,0,0,3,7,11,7,3,0,0,0,0,0,0,0,0,0,0,0,2,4,6,4,2,1,2,4,6,4,2,0,11,7,3,0,0,0,0,0,1,2,1,1,1,2,3,4,0,0,1,2,2,3,4,4,5,6,4,2,0,5,10,15,0,4,9,14,9,4,0,0,0,0,3,6,9,7,5,3,1,2,3,4,4,5,6,4,2,0,0,0,0,4,8,13,8,5,2,0,0,0,0,2,5,8,8,8,8,25,43,61,6,4,2,0,0,0,0,0,0,0,0,0,0,40,80,121,0,1,3,5,5,6,7,5,3,1,0,0,0,44,88,132,8,6,4,2,1,0,0,3,7,11,7,3,0,1,2,3,0,0,0,0,0,0,0,4,8,12,11,10,9,6,3,0,0,1,3,5,3,2,1,0,0,0,0,0,0,0,0,1,2,1,0,0,1,2,4,2,1,0,2,4,7,4,2,0
0,0,0,0,0,0,0,0,0,0,0,0,0,0,0,0,0,0,0,0,0,0,0,0,0,0,0,0,0,0,0,0,0,0,0,0,0,0,0,0,0,0,0,0,0,0,0,0,0,0,0,0,0,0,0,0,0,0,0,0,0,0,0,0,0,0,0,0,0,0,0,0,0,0,0,0,0,0,0,0,0,0,0,0,0,0,0,0,0,0,0,0,0,0,0,0,0,0,0,0,0,0,0,0,0,0,0,0,0,0,0,0,0,0,0,0,0,0,0,0,0,0,0,0,0,0,0,0,0,3,6,9,6,3,0,0,0,0,0,0,0,1,2,4,0,0,0,0,0,0,0,1,3,5,14,23,32,24,17,10,7,7,7,8,9,10,12,8,4,0,21,42,64,45,26,7,0,5,10,15,10,5,0,6,12,18,21,24,28,48,68,88,6,4,2,0,0,0,1,0,0,0,0,0,0,0,1,2,10,6,3,0,0,1,2,8,15,22,14,7,0,0,0,0,0,0,0,0,3,7,11,7,3,0,5,10,16,10,5,0,0,6,13,20,13,6,0,0,0,0,0,0,0,4,8,13
0,0,0,0,0,1,2,1,1,1,0,0,0,0,0,0,0,0,0,0,0,0,0,0,0,1,1,1,1,0,0,0,5,3,2,1,0,0,0,0,0,0,0,0,0,1,2,4,0,0,0,0,1,3,5,5,5,5,3,1,0,0,0,0,8,6,4,2,1,0,0,0,0,0,0,0,0,7,14,21,0,0,0,0,2,4,7,6,5,5,3,1,0,0,0,0,1,1,1,1,1,1,2,1,0,0,0,0,0,0,0,0,5,3,1,0,0,0,0,0,0,0,0,1,2,3,4,6,1,1,2,3,2,1,0,0,0,0,7,14,21,14,7,0,0,2,5,8,5,2,0,0,0,0,0,0,0,0,0,0,0,0,0,1,0,0,0,3,6,10,8,6,5,4,3,3,3,7,11,15,12,9,7,6,6,6,4,2,0,0,0,0,0,0,0,0,0,0,0,0,0,0,2,5,8,10,12,14,11,7,3,0,1,2,3,6,10,14,33,52,71,72,74,76,0,0,0,0,0,0,0,0,0,0,0,1,2,3,5,7,2,1,0,0,0,0,0,5,10,16,10,5,0,0,0,0
0,0,1,2,1,0,0,0,0,0,0,0,0,1,3,5,0,0,1,2,2,2,3,3,3,4,2,1,0,0,0,0,0,0,1,2,1,0,0,0,0,0,0,0,0,2,4,7,0,0,1,2,1,0,0,0,0,0,0,0,0,5,11,17,0,0,1,2,2,2,3,2,1,0,0,0,0,0,0,0,0,0,0,0,0,1,2,2,2,3,2,1,0,0,0,0,1,0,0,0,0,0,0,0,1,2,1,0,0,0,0,1,3,2,1,0,0,0,0,2,4,6,4,2,0,0,0,0,5,3,1,0,0,0,0,3,6,9,6,3,0,0,0,0,1,4,7,10,6,3,0,0,0,0,3,7,11,7,3,0,0,0,1,2,1,1,1,4,7,10,6,3,0,0,0,0,0,0,0,0,3,7,11,7,3,0,0,0,0,12,24,36,4,2,1,0,0,0,0,6,12,18,82,147,212,226,240,255,9,6,4,2,1,0,0,0,0,0,28,56,85,86,87,89,0,0,0,0,4,8,12,11,11,11,9,7,6,5,4,4,0,4,8,12,8,4,0,0,0,0,0,1,2,2,3,4
0,0,0,1,3,5,8,5,2,0,0,1,2,4,7,10,6,4,2,1,0,0,0,0,0,0,1,2,3,4,5,6,6,4,2,0,0,0,0,5,10,15,12,9,7,4,2,0,0,1,2,3,4,6,8,5,2,0,0,0,0,0,0,0,0,2,4,6,4,2,0,0,0,0,0,0,1,2,4,6,3,2,1,0,0,0,0,3,6,10,9,8,8,5,2,0,0,3,7,11,8,6,4,2,1,0,0,0,0,1,2,4,0,1,2,4,2,1,0,0,0,1,1,2,3,2,1,1,0,0,0,0,0,0,1,1,1,2,1,0,0,2,4,7,11,10,9,8,5,2,0,0,0,0,1,2,3,3,3,3,0,1,2,4,2,1,0,0,0,0,1,2,3,2,1,0,22,14,7,0,0,0,0,5,10,15,12,10,8,5,2,0,0,0,0,0,0,0,0,0,0,0,0,0,0,23,47,71,0,5,10,16,17,19,21,14,7,0,4,9,14,56,98,140,11,7,3,0,0,0,0,0,0,0,0,0,0,0,0,0,0,2,5,8,6,4,2,1,0,0,0,0,0,0,0,0
0,0,0,0,0,0,0,2,4,7,6,6,6,4,2,0,8,7,6,6,4,2,0,0,0,0,0,0,0,2,4,6,0,1,2,3,5,7,10,8,7,6,4,2,0,0,0,0,11,7,3,0,0,0,0,1,2,4,6,8,10,8,7,6,1,2,3,4,6,8,10,6,3,0,0,0,0,2,4,6,0,0,0,1,3,5,8,7,6,6,4,2,0,0,0,1,0,1,2,3,2,2,2,1,0,0,0,0,0,0,0,0,4,2,1,0,0,0,0,0,1,2,3,4,5,3,1,0,1,0,0,0,0,0,0,4,9,14,9,4,0,0,0,0,2,1,0,0,0,0,0,0,0,0,19,39,59,71,83,96,0,1,3,5,5,6,7,4,2,0,48,96,144,181,218,255,0,6,12,18,12,6,0,0,0,0,16,33,50,100,150,200,0,0,0,0,0,0,0,7,14,21,14,7,0,0,0,0,9,6,3,0,0,0,0,4,8,13,9,6,3,2,1,1,0,2,4,7,7,7,8,5,2,0,0,0,0,3,6,9,2,1,0,0,0,0,0,3,6,10,6,3,0,1,2,4
0,0,1,2,1,0,0,0,1,2,1,0,0,3,7,11,10,9,8,7,4,2,0,0,0,0,0,0,0,3,6,9,2,1,0,0,0,0,0,5,11,17,11,5,0,0,0,0,0,3,6,10,10,10,11,7,3,0,0,0,0,1,2,3,0,3,6,10,8,6,5,3,1,0,0,0,1,5,9,13,0,0,0,0,0,0,0,2,4,6,5,4,4,2,1,0,0,2,5,8,8,8,9,6,3,0,0,0,0,1,3,5,3,2,1,0,0,0,0,0,0,0,2,4,6,4,2,0,0,1,3,5,7,9,11,7,3,0,4,8,13,8,4,0,5,3,1,0,3,6,10,6,3,0,0,0,0,4,8,12,0,0,0,0,0,0,0,1,3,5,7,9,11,10,9,9,1,4,7,11,7,3,0,0,0,0,0,0,0,0,0,0,0,0,0,0,3,6,9,8,7,7,4,2,0,16,32,49,0,1,2,3,3,3,3,2,1,0,0,0,0,3,7,11,0,0,1,2,1,0,0,0,0,0,7,14,22,14,7,0,4,2,1,0,3,6,9,6,3,0,0,0,0,1,2,3
0,2,4,6,4,2,0,0,0,0,1,2,3,2,1,1,0,0,0,0,0,0,0,0,1,2,1,0,0,0,0,0,0,0,0,0,2,4,6,7,8,9,6,3,0,7,15,23,6,7,8,9,6,3,0,0,0,0,0,0,0,36,73,110,0,0,0,0,0,0,0,0,0,0,9,18,28,71,114,157,2,2,2,3,4,5,6,5,4,4,2,1,0,5,11,17,3,2,1,0,0,0,0,1,2,4,2,1,0,0,0,0,0,0,1,2,1,0,0,0,0,1,2,3,5,4,3,2,1,3,6,9,6,3,0,1,2,3,2,1,0,1,2,3,0,3,7,11,7,3,0,3,6,9,37,65,93,106,119,132,10,6,3,0,0,0,0,0,0,0,29,58,87,131,175,220,0,1,2,4,8,12,16,12,9,6,4,2,0,49,98,147,2,5,8,11,7,3,0,0,1,2,1,0,0,0,0,0,0,0,0,0,0,0,1,0,0,0,7,15,23,15,7,0,1,0,0,0,3,7,11,7,3,0,0,0,0,0,1,2,0,0,1,2,1,0,0,3,6,10,7,4,1,0,0,0
0,1,3,5,4,3,3,2,1,1,3,5,7,4,2,0,0,3,6,9,6,4,2,1,0,0,0,0,0,4,8,12,11,7,3,0,0,0,0,4,8,13,8,4,0,0,0,0,0,0,0,0,0,1,2,1,1,1,1,2,3,3,3,4,0,2,4,7,6,6,6,4,2,0,0,0,0,7,15,23,11,7,3,0,0,0,0,2,4,6,4,2,0,0,0,0,6,4,2,0,1,2,3,3,3,4,3,2,1,3,5,7,0,0,0,0,1,2,4,2,1,0,0,0,0,0,0,0,3,2,1,0,2,4,6,4,2,0,1,3,5,3,1,0,1,0,0,0,0,0,1,1,1,2,3,4,6,11,16,21,5,3,1,0,0,0,0,5,11,17,11,5,0,0,0,0,0,9,18,27,18,9,0,0,0,0,0,0,1,0,0,0,0,0,0,0,0,1,2,8,14,21,14,7,1,25,50,75,3,7,12,17,11,5,0,0,0,0,1,2,4,9,14,19,0,0,0,1,0,0,0,0,0,0,3,7,11,7,3,0,2,1,1,1,3,5,8,5,2,0,0,0,0,5,10,16
0,3,6,9,6,3,0,0,0,0,3,7,11,7,3,0,0,2,4,7,4,2,0,1,3,5,4,3,2,1,0,0,2,2,2,3,2,1,0,3,6,9,6,3,0,0,0,0,2,1,0,0,0,0,0,2,4,7,4,2,0,0,1,2,0,0,0,0,2,4,6,4,2,1,0,0,0,1,2,4,0,0,0,0,2,4,6,4,2,1,0,0,0,0,1,2,0,0,0,0,0,0,0,2,5,8,5,2,0,0,0,0,1,1,2,3,2,1,0,5,10,16,10,5,0,0,0,0,0,2,4,6,4,3,2,1,0,0,3,6,9,6,4,2,0,3,7,11,7,3,0,0,0,0,0,0,0,0,0,0,0,0,1,2,3,4,5,4,4,4,10,17,24,38,52,67,16,10,5,0,0,0,0,7,14,21,31,41,51,103,155,207,0,4,9,14,13,12,11,7,3,0,25,50,75,57,39,21,9,6,3,0,0,0,1,0,0,0,3,6,10,10,11,12,0,0,0,0,3,6,9,8,7,7,4,2,0,0,0,0,1,1,1,2,1,0,0,3,6,9,6,3,0,4,8,12
0,2,4,7,4,2,0,2,5,8,5,2,0,0,0,0,8,5,2,0,0,0,0,2,4,7,11,15,20,16,12,8,1,3,6,9,6,3,1,0,0,0,0,0,0,0,0,0,0,0,0,0,0,0,0,1,2,3,5,7,10,10,10,11,9,9,9,9,6,3,0,0,0,0,0,0,0,0,0,0,0,2,4,6,5,4,4,2,1,0,0,0,0,6,13,20,0,0,0,0,0,0,0,1,2,3,2,1,0,4,8,13,3,2,1,0,0,0,0,4,9,14,9,4,0,0,0,0,0,4,8,13,11,9,7,4,2,0,0,0,0,21,42,64,3,2,1,0,0,0,0,11,23,35,23,11,0,31,62,93,1,0,0,0,1,2,4,2,1,0,0,0,0,58,116,175,6,4,2,0,0,0,0,3,6,10,16,22,28,85,143,201,0,3,6,10,8,6,5,3,1,0,54,108,163,129,95,61,6,4,2,0,0,0,0,20,40,60,54,49,44,31,18,5,0,0,0,0,4,8,12,8,5,2,1,0,0,1,3,5,0,0,0,0,0,0,0,0,0,0,1,3,5,3,1,0
0,0,0,0,0,0,0,0,0,0,0,0,0,1,3,5,0,0,0,1,2,3,4,4,5,6,4,2,0,0,0,0,3,2,2,2,1,0,0,0,0,1,0,0,0,0,0,1,5,4,3,2,1,0,0,0,0,0,0,1,2,6,10,14,0,1,2,3,2,1,0,0,0,1,1,1,2,1,0,0,0,1,2,4,2,1,0,0,0,0,0,0,0,0,0,0,0,1,3,5,3,1,0,0,0,0,0,0,0,0,0,0,0,2,5,8,5,2,0,0,1,2,3,4,5,3,1,0,0,1,2,3,3,3,3,2,1,0,0,0,0,4,8,13,4,5,6,7,6,5,5,3,1,0,11,23,35,23,11,0,0,0,0,0,0,0,0,2,4,6,4,3,2,1,0,0,4,5,7,9,8,8,8,5,2,0,0,0,0,15,31,47,0,0,0,0,0,0,0,3,6,10,84,159,234,241,248,255,8,7,6,5,5,5,5,3,1,0,39,78,118,121,125,129,0,0,0,0,0,0,0,2,5,8,5,2,0,3,6,10,0,5,11,17,12,7,2,1,0,0,3,7,11,7,3,0
0,0,0,0,3,6,9,6,3,0,2,5,8,10,12,14,6,4,3,2,2,3,4,3,2,2,1,0,0,0,0,0,0,0,0,0,0,0,0,6,12,18,15,12,10,24,38,53,7,6,5,4,2,1,0,4,8,12,8,4,0,0,0,0,0,0,0,1,1,2,3,7,11,15,10,5,1,4,7,11,0,1,2,3,2,1,0,0,0,0,1,3,5,20,36,52,0,0,1,2,1,0,0,0,0,0,0,0,0,13,26,40,0,0,0,1,0,0,0,1,3,5,3,1,0,10,20,31,0,0,0,1,0,0,0,0,0,0,0,0,1,13,25,38,11,7,3,0,0,0,0,2,4,7,4,2,0,7,14,21,0,0,0,0,0,1,2,4,6,8,5,2,0,10,20,30,2,1,0,0,0,0,0,0,0,0,0,0,0,9,18,28,0,0,1,2,2,2,3,2,1,0,33,67,101,135,169,203,0,2,4,7,7,7,8,5,2,0,41,83,125,160,196,232,9,6,3,0,0,0,0,2,5,8,6,5,4,3,2,1,0,1,2,3,2,1,0,6,12,18,12,6,0,0,0,0
0,0,0,0,0,0,0,1,2,4,2,1,0,0,0,1,4,3,2,1,0,0,0,0,0,1,0,0,0,0,0,0,2,1,0,0,0,1,2,2,2,3,2,1,0,1,2,4,0,0,0,0,1,2,4,4,4,5,3,1,0,4,8,12,4,2,1,0,1,2,4,3,2,1,0,0,0,0,0,1,4,2,1,0,0,0,1,0,0,0,0,0,0,0,0,0,0,0,0,0,0,0,0,0,0,1,1,2,3,2,1,1,0,1,2,3,2,1,0,0,0,1,2,3,5,3,1,0,0,0,0,0,1,3,5,3,1,0,0,0,0,0,0,0,0,5,10,15,11,8,5,3,1,0,3,7,11,7,3,0,0,0,0,0,0,0,0,0,1,2,1,1,1,2,4,6,14,11,8,6,8,10,12,8,4,0,0,0,0,6,12,18,0,0,0,0,0,0,0,6,12,18,55,92,130,135,141,147,8,5,2,0,2,4,6,4,2,0,12,24,37,33,29,26,20,13,6,0,1,3,5,3,1,0,0,0,0,0,0,1,0,1,3,5,6,7,8,5,2,0,0,1,2,3,5,7
0,0,0,0,0,1,2,1,0,0,1,3,5,4,3,3,0,0,0,1,1,1,2,1,0,0,0,0,0,1,3,5,8,5,2,0,0,0,0,3,6,9,6,3,0,0,0,0,0,1,2,3,3,3,3,2,1,0,0,0,1,5,10,15,0,2,4,6,4,2,0,0,0,0,0,0,0,3,6,9,8,5,2,0,0,0,0,4,9,14,10,7,4,2,1,0,0,2,4,6,4,2,0,0,0,0,1,2,4,8,12,16,0,2,5,8,5,2,0,0,0,1,0,0,0,0,0,0,7,4,2,0,2,4,6,4,2,0,0,0,0,5,10,16,0,0,0,0,0,1,2,3,5,7,4,2,0,2,5,8,11,7,3,0,1,2,4,7,11,15,10,5,0,0,0,0,0,0,0,0,0,0,0,0,0,0,0,0,0,0,0,1,0,4,9,14,9,4,0,0,0,0,4,8,13,8,4,0,17,11,5,0,4,9,14,12,11,10,6,3,0,37,75,113,0,2,4,7,4,2,0,0,0,0,0,1,2,1,0,0,0,4,8,13,8,4,0,0,0,0,4,8,13,9,6,3
0,1,2,4,4,5,6,4,2,0,0,0,0,0,1,2,0,1,2,4,2,1,0,0,0,0,0,0,0,0,1,2,0,0,1,2,1,0,0,0,0,0,4,8,12,24,36,48,1,2,4,6,4,2,1,0,0,0,0,0,0,11,22,33,0,0,0,1,1,1,2,3,4,6,4,2,0,0,0,0,1,0,0,0,0,0,0,3,6,10,9,9,9,6,3,1,9,7,6,5,3,1,0,0,0,0,0,0,0,0,0,0,0,2,4,6,4,2,1,0,0,0,0,0,1,1,2,3,0,0,0,0,0,1,2,3,4,5,3,1,0,0,0,0,0,1,3,5,3,1,0,0,0,0,6,12,19,14,9,4,0,2,4,7,4,2,0,0,0,0,0,0,0,0,0,1,18,12,6,0,1,3,5,7,9,11,7,3,0,3,6,10,0,0,0,0,0,0,0,2,4,6,35,64,94,138,183,228,16,15,14,14,9,4,0,0,0,0,14,28,43,51,59,68,0,3,7,11,9,7,5,3,1,0,2,4,7,5,4,3,1,0,0,0,0,0,1,1,1,2,1,0,0,0,0,0
5,3,1,0,0,0,0,0,0,0,1,2,3,2,1,0,0,1,2,3,4,5,7,4,2,0,0,0,0,5,10,16,31,20,10,0,0,0,0,2,5,8,5,2,0,11,22,33,0,3,6,9,9,9,10,6,3,0,2,5,8,5,2,0,6,8,10,13,8,4,0,0,0,0,4,8,12,9,6,4,8,6,4,3,4,6,8,5,2,0,0,0,0,42,84,127,0,0,0,0,0,0,0,3,6,10,9,9,9,6,3,0,0,2,5,8,7,6,5,3,1,0,0,0,0,4,9,14,0,3,6,9,6,3,0,0,0,1,0,0,0,1,2,4,3,3,3,4,2,1,0,3,6,10,7,4,2,1,0,0,0,0,0,1,0,0,0,0,0,0,0,0,0,0,0,0,8,6,4,3,2,1,0,0,0,1,2,3,4,8,12,16,0,3,7,11,8,6,4,3,3,3,38,73,109,147,186,225,19,14,9,4,2,1,0,0,0,0,11,22,34,46,58,71,0,0,0,0,0,0,0,0,0,0,0,0,1,5,9,13,3,2,1,0,3,6,10,8,6,4,2,1,0,0,0,0
5,3,1,0,0,0,0,0,0,0,0,0,0,3,6,9,0,0,0,0,3,6,10,9,9,9,6,3,0,0,0,0,1,0,0,0,0,0,0,0,0,0,0,0,0,9,19,29,4,2,1,0,0,0,1,0,0,0,0,0,0,0,0,0,0,0,0,0,1,2,4,7,10,13,11,10,9,6,3,1,9,7,6,5,3,1,0,0,0,0,0,0,0,0,0,0,0,0,0,0,0,0,0,2,4,7,6,5,4,5,6,8,0,2,4,6,4,2,0,0,0,1,0,0,0,1,2,4,12,9,7,5,3,1,0,6,12,19,12,6,0,0,0,1,0,0,0,0,0,0,0,0,0,0,1,2,4,5,6,8,18,12,6,1,4,7,11,7,3,0,0,0,0,4,8,13,0,0,0,0,0,0,0,2,4,7,7,7,8,5,2,0,8,6,5,4,3,3,3,2,1,1,0,0,0,16,33,50,0,4,8,12,8,4,0,0,0,0,49,99,149,177,205,233,1,0,0,0,2,5,8,6,4,3,3,4,5,3,1,0,0,3,6,9,6,3,0,0,0,0,0,0,0,1,3,5
0,0,0,0,5,10,15,10,5,0,0,0,0,3,6,10,1,4,7,11,7,3,0,2,4,6,6,6,6,7,8,9,0,5,11,17,12,7,2,1,0,0,2,4,6,4,3,2,1,0,0,0,1,3,5,7,9,11,7,3,0,0,0,0,0,0,0,0,2,4,7,4,2,0,0,0,0,0,0,1,0,3,6,10,7,4,2,1,0,0,3,6,10,6,3,0,5,6,7,9,6,3,0,6,12,19,12,6,0,0,0,0,0,0,0,0,4,8,12,8,4,0,1,3,5,7,9,11,3,2,2,2,1,0,0,3,6,9,6,3,1,0,0,0,0,0,1,2,3,5,7,4,2,0,0,0,0,1,2,4,0,1,3,5,3,1,0,1,2,3,7,11,15,14,13,13,6,9,12,15,10,5,0,1,2,4,2,1,0,0,0,0,0,0,0,0,0,1,2,1,0,0,3,7,11,32,53,75,0,6,12,18,12,6,0,0,0,0,68,137,206,218,231,244,14,9,4,0,3,6,9,6,3,0,0,0,0,2,5,8,0,2,4,7,4,2,0,4,8,13,10,7,4,2,1,0
0,1,2,3,2,1,0,3,6,9,6,3,0,3,6,10,1,0,0,0,0,0,0,1,2,4,2,1,0,2,4,7,0,0,0,0,1,2,4,4,4,4,2,1,0,0,0,0,6,4,2,0,0,0,0,0,0,0,1,2,4,10,17,24,0,0,0,0,3,7,11,7,3,0,0,0,0,1,2,4,3,4,5,7,5,4,3,2,1,0,0,0,0,0,0,0,0,0,0,0,1,2,3,3,4,5,5,5,6,6,6,7,6,5,4,4,2,1,0,0,0,0,0,0,1,1,1,1,0,0,0,0,1,3,5,3,1,0,0,0,0,0,0,0,3,5,8,11,7,3,0,50,100,150,137,125,113,79,46,13,1,0,0,0,31,63,95,146,198,250,251,253,255,181,107,34,0,0,0,0,18,37,56,107,158,209,177,145,113,129,145,161,9,7,5,3,2,1,0,6,13,20,38,56,74,73,73,73,0,3,6,10,11,12,14,9,4,0,0,0,0,1,3,5,3,2,1,0,0,0,0,1,2,4,7,10,14,9,4,0,8,5,2,0,1,2,4,3,2,1,1,1,2,1,0,0
9,6,3,0,0,0,0,0,0,0,2,5,8,5,2,0,0,0,0,0,0,1,2,1,0,0,2,4,7,7,8,9,15,12,10,8,6,4,3,2,1,0,0,1,2,1,0,0,0,0,0,0,0,1,2,2,2,2,6,10,14,9,4,0,0,2,5,8,6,4,2,1,0,0,0,0,0,0,0,0,5,4,3,2,1,0,0,0,1,2,4,6,8,37,67,97,0,0,0,0,0,0,0,0,0,0,0,0,0,43,87,131,6,4,2,0,2,4,7,4,2,0,0,0,0,69,138,208,0,0,0,0,0,0,0,2,4,7,7,7,8,89,170,251,19,12,6,0,0,0,0,4,8,12,24,37,50,118,186,255,0,0,0,0,1,2,4,2,1,0,45,90,135,175,215,255,8,16,25,34,29,24,19,18,17,17,76,135,195,209,223,237,0,75,150,225,235,245,255,177,99,21,99,177,255,213,171,130,7,57,107,157,173,190,207,187,168,149,138,128,118,82,46,11,0,3,7,11,7,3,0,6,12,19,12,6,0,0,0,0,0,2,4,7,4,2,0,1,2,4,2,1,0,0,0,0
7,4,2,0,0,0,0,1,2,3,5,7,9,6,3,0,0,2,4,7,5,4,3,2,1,0,1,2,3,5,7,10,0,1,3,5,4,3,2,1,0,0,0,0,0,2,4,6,3,2,1,0,0,0,0,0,0,0,0,0,0,0,0,0,6,4,2,0,0,0,0,0,0,1,3,5,7,6,6,6,0,0,0,1,1,1,2,1,0,0,0,1,2,19,36,54,0,0,0,0,0,0,1,0,0,0,0,0,0,25,50,75,5,3,1,0,0,1,2,2,2,3,2,1,0,22,44,66,0,0,0,0,3,7,11,7,3,0,1,2,4,42,80,118,1,0,0,0,2,4,6,4,2,0,0,0,1,27,53,80,3,2,1,0,1,3,5,3,1,0,6,12,19,31,43,56,0,0,0,0,1,2,3,4,6,8,15,23,31,32,34,36,0,0,0,0,0,0,0,0,0,1,5,9,13,9,5,2,0,0,0,1,0,0,0,0,0,0,0,0,0,0,0,0,1,1,1,1,1,1,1,2,3,4,2,1,0,0,1,2,0,0,0,0,0,0,0,1,2,4,2,1,0,2,4,7
0,0,0,0,0,0,0,0,0,1,0,0,0,0,0,0,0,0,0,0,0,0,0,1,2,4,3,3,3,2,1,0,0,0,0,0,0,0,0,1,2,4,5,6,7,4,2,0,3,2,1,0,0,0,0,0,0,0,1,3,5,3,1,0,4,2,1,0,0,0,0,0,0,0,0,0,0,0,0,0,0,0,0,0,1,2,3,3,3,3,2,1,0,2,4,6,0,0,0,0,0,0,0,1,2,4,2,1,0,16,33,50,0,0,1,2,1,0,0,0,0,1,0,0,0,30,61,92,0,0,1,2,1,0,0,0,0,0,0,0,0,29,58,88,3,2,1,0,4,8,13,9,6,3,2,1,0,27,54,82,3,2,1,0,3,7,11,7,3,0,1,2,4,34,65,96,0,6,12,18,12,6,0,0,0,0,5,11,17,32,47,62,0,0,0,0,0,0,0,4,8,13,13,14,15,10,5,0,9,6,3,0,3,6,9,6,3,0,0,0,0,0,0,0,9,6,3,0,4,9,14,9,4,0,0,0,0,7,14,21,0,0,0,1,0,0,0,2,5,8,5,2,0,0,0,0
2,1,1,1,2,3,4,5,6,7,4,2,0,0,1,2,0,0,0,0,0,0,1,2,3,4,5,6,7,4,2,0,4,2,1,0,2,4,6,4,2,0,0,0,0,3,6,10,0,2,4,6,7,9,11,7,3,0,2,4,7,49,91,134,0,0,0,1,1,2,3,2,1,0,2,5,8,84,161,238,9,6,3,0,0,0,0,2,5,8,5,2,0,81,162,244,4,2,1,0,0,0,0,2,5,8,5,2,0,81,162,243,0,3,6,9,7,6,5,3,1,0,0,0,0,79,158,238,0,0,0,0,1,2,4,2,1,0,5,10,15,89,163,238,6,4,2,1,0,0,0,0,0,0,0,0,0,76,152,228,4,2,1,0,0,0,0,2,5,8,6,4,2,79,156,233,0,3,7,11,7,4,1,0,0,0,1,2,4,80,156,232,2,1,0,0,4,8,13,13,14,15,10,5,0,0,0,0,0,0,0,0,0,1,2,1,0,0,4,8,13,14,16,18,9,6,3,0,0,0,0,0,0,0,0,0,0,0,0,0,0,0,0,0,2,5,8,11,14,17,11,5,0,1,2,4
3,2,1,0,0,0,0,2,5,8,6,4,2,1,0,0,0,1,3,5,3,1,0,0,0,0,0,0,0,0,0,0,14,11,9,7,4,2,0,0,1,2,3,5,7,4,2,0,0,0,0,0,1,2,4,5,6,7,4,2,0,11,22,34,11,10,10,10,6,3,0,0,0,0,11,22,33,102,172,242,0,0,0,0,2,5,8,5,2,0,2,5,8,90,172,255,14,9,4,0,0,0,0,2,4,6,10,14,18,97,176,255,0,0,0,0,0,0,0,0,0,0,5,10,15,92,169,247,10,6,3,0,0,1,2,4,7,10,9,8,7,89,172,255,0,2,4,7,7,8,9,6,3,0,3,6,9,91,173,255,1,0,0,0,0,0,0,1,3,5,11,18,25,99,174,249,0,3,6,10,10,10,11,7,3,0,0,0,0,85,170,255,6,4,2,0,0,0,0,0,0,0,10,20,30,105,180,255,0,0,0,0,3,7,11,13,15,18,12,6,0,0,0,0,0,0,0,0,0,0,0,0,0,0,1,2,4,2,1,0,9,6,3,0,1,2,4,4,4,4,3,2,2,2,2,2
0,3,6,10,6,3,0,0,0,0,0,1,2,1,0,0,0,0,0,0,0,0,0,1,2,4,2,1,0,0,0,0,1,2,3,4,6,8,11,10,9,8,5,2,0,0,0,0,0,0,0,0,1,2,4,5,6,7,27,48,69,59,50,41,12,8,4,0,1,2,4,21,38,55,117,180,243,212,181,151,1,0,0,0,0,0,0,17,35,53,120,187,255,213,171,130,0,2,5,8,7,7,7,22,37,52,114,176,238,204,171,138,0,1,2,4,2,1,0,18,36,54,121,188,255,245,235,225,0,0,0,0,0,0,0,22,45,68,130,192,255,247,239,231,0,4,8,13,8,4,0,14,28,42,110,178,247,214,181,149,19,12,6,0,0,0,0,19,39,59,124,189,255,216,177,138,0,2,5,8,7,6,5,23,42,61,123,185,248,211,174,137,16,10,5,0,0,0,0,0,0,0,3,7,11,7,3,0,0,7,14,21,17,13,9,7,6,5,3,1,0,0,0,0,0,0,0,0,0,0,0,2,4,7,4,2,0,2,5,8,1,3,5,7,5,4,3,2,1,0,2,5,8,7,6,5
3,2,1,0,0,0,0,2,4,7,7,8,9,6,3,0,12,9,7,5,3,1,0,0,0,0,0,0,0,0,0,0,0,1,2,3,3,4,5,3,1,0,0,0,0,7,14,22,9,8,7,6,4,3,2,2,3,4,18,32,46,87,128,169,0,0,0,0,0,0,0,0,0,0,11,23,35,104,173,242,1,0,0,0,6,12,19,18,17,16,22,28,34,107,181,255,13,8,4,0,0,0,0,0,0,0,13,27,41,112,183,255,0,1,3,5,4,3,3,5,8,11,18,25,32,104,176,248,0,0,1,2,1,1,1,0,0,0,16,32,48,116,185,254,8,5,2,0,0,0,0,0,0,0,14,28,42,113,184,255,0,2,4,6,9,13,17,11,5,0,12,24,36,109,182,255,0,0,0,0,0,0,0,0,0,0,20,40,61,121,181,242,5,3,1,0,1,3,5,4,3,2,1,0,0,3,6,9,11,7,3,0,0,0,0,1,3,5,6,8,10,6,3,0,0,0,0,1,5,10,15,13,11,9,6,3,0,0,0,0,8,5,2,0,0,0,0,0,0,0,0,0,0,4,8,13
0,3,6,9,6,3,0,0,0,0,0,0,0,0,0,0,8,6,4,2,1,0,0,0,1,2,4,6,8,5,2,0,0,2,4,6,4,2,0,2,4,6,7,9,11,7,3,0,0,1,2,3,2,1,0,0,0,0,0,0,0,35,70,105,12,8,4,0,1,3,5,7,10,13,8,4,0,82,164,246,0,0,0,0,0,1,2,6,11,16,12,8,4,87,171,255,0,3,7,11,7,3,0,0,0,0,2,4,7,81,155,230,4,2,1,0,1,2,3,3,3,4,4,4,4,84,164,245,5,3,1,0,1,3,5,3,1,0,0,0,0,84,169,254,0,1,2,3,4,5,6,6,6,7,4,2,0,83,166,250,2,3,4,5,3,1,0,0,0,0,0,0,0,78,157,236,5,3,1,0,0,0,0,6,12,18,12,6,0,82,164,246,3,8,13,18,12,6,1,0,0,0,3,6,9,6,3,0,0,0,0,0,2,4,7,6,5,5,3,1,0,0,1,2,5,3,1,0,0,0,0,0,0,0,4,8,13,8,4,0,0,2,4,7,4,2,0,1,2,3,2,1,0,2,4,6
4,2,1,0,0,0,0,2,4,6,4,3,2,1,0,0,0,0,0,0,0,0,0,2,4,6,4,2,0,0,0,0,0,1,2,3,2,1,0,0,0,0,0,0,0,5,10,16,0,0,0,0,0,0,0,0,0,0,1,3,5,43,82,121,0,0,0,0,0,0,0,2,5,8,15,22,30,101,173,245,3,2,1,0,0,0,0,0,0,1,7,13,20,98,176,255,3,2,1,1,0,0,0,0,0,0,3,6,10,91,172,253,0,2,4,6,5,5,5,3,1,0,10,20,30,105,180,255,0,5,10,16,10,5,0,3,7,11,14,17,20,97,174,251,0,0,0,0,6,13,20,13,6,0,12,25,38,110,182,255,0,0,0,0,3,6,9,6,3,0,8,17,26,101,176,251,1,5,10,15,10,5,0,0,0,0,8,17,26,99,172,245,0,0,0,0,0,0,0,3,6,9,6,3,1,1,1,1,5,8,11,14,13,12,12,8,4,0,0,0,0,0,0,0,0,0,0,0,0,0,0,5,10,15,13,12,11,8,6,4,9,6,3,0,0,0,0,0,0,0,1,2,3,2,1,0
0,0,0,0,0,0,0,0,1,2,2,3,4,5,6,8,0,0,1,2,3,4,5,3,2,1,0,0,0,0,0,0,0,0,0,1,1,1,1,2,3,4,3,2,2,1,0,0,1,2,3,5,3,1,0,0,0,0,0,0,0,1,2,4,0,0,1,2,2,3,4,2,1,0,0,0,0,3,6,9,0,0,0,0,0,1,2,1,0,0,4,8,12,10,8,7,13,10,7,5,3,1,0,0,0,0,2,4,7,7,7,7,0,1,2,4,2,1,0,0,0,0,4,8,13,29,46,63,0,0,0,0,0,0,0,2,4,7,4,2,0,43,87,131,8,6,4,3,4,5,6,4,2,0,0,0,0,64,128,193,0,0,0,0,1,2,4,2,1,0,0,0,0,77,155,233,24,16,8,0,0,0,0,2,4,7,18,29,40,97,155,213,0,0,0,0,2,4,6,4,3,2,1,0,0,6,13,20,4,8,12,16,10,5,0,0,0,0,5,10,15,10,5,0,0,0,0,1,0,0,0,0,0,0,1,3,5,3,1,0,7,4,2,0,1,2,3,3,4,5,3,1,0,2,4,7
0,3,6,9,6,3,0,1,2,4,4,4,4,5,6,8,0,3,7,11,8,5,2,1,0,0,0,0,0,0,0,1,0,0,0,0,0,0,0,0,0,0,1,2,3,3,3,3,10,6,3,0,0,0,0,0,1,2,3,4,5,3,2,1,3,2,1,0,2,4,7,5,3,1,0,0,0,0,0,0,0,1,2,3,4,5,6,4,2,0,0,0,0,5,10,15,0,0,0,0,0,0,0,0,0,0,2,4,7,9,11,13,1,0,0,0,0,0,0,1,2,4,2,1,0,0,0,0,0,4,9,14,9,4,0,0,0,0,1,2,3,2,1,0,0,0,0,0,0,0,0,4,8,12,10,8,6,16,26,37,3,2,2,2,1,1,1,0,0,0,0,0,0,26,52,79,0,0,0,0,0,1,2,1,1,1,4,7,11,47,83,120,11,7,3,0,0,0,0,0,0,0,0,0,0,4,8,13,0,0,0,0,2,4,7,4,2,0,0,0,0,0,0,0,0,0,0,0,3,7,11,7,3,0,2,4,6,4,3,2,11,7,3,0,0,0,0,0,0,0,3,6,10,6,3,0
0,3,6,10,9,8,8,5,2,0,0,0,0,3,7,11,0,0,0,0,0,0,0,3,6,9,6,4,2,1,0,0,7,6,5,5,3,1,0,2,4,7,4,2,0,3,7,11,0,3,6,9,6,3,0,1,2,4,2,1,0,45,90,135,0,0,1,2,2,2,3,2,2,2,3,4,6,85,164,243,6,4,2,0,0,0,1,0,0,0,0,0,0,85,170,255,2,1,0,0,1,2,4,2,1,0,0,0,0,85,170,255,0,0,0,0,3,7,11,7,3,0,0,0,0,85,170,255,5,5,5,5,4,3,3,2,1,0,5,10,16,91,167,243,0,2,4,7,5,4,3,2,1,0,0,0,0,84,168,253,0,0,0,1,1,1,2,3,5,7,4,2,0,85,170,255,2,3,4,5,3,1,0,0,0,0,1,3,5,86,167,249,14,9,4,0,0,0,0,8,16,24,16,8,0,0,0,0,0,0,0,0,0,0,0,0,0,0,5,10,16,15,14,14,3,4,6,8,5,2,0,0,0,0,1,2,3,2,1,0,0,1,2,3,2,1,0,1,3,5,3,1,0,0,0,1
0,0,0,1,0,0,0,1,3,5,4,3,3,3,4,5,0,1,3,5,7,10,13,8,4,0,0,0,0,0,0,0,11,7,3,0,0,0,0,0,0,0,2,5,8,7,6,6,1,0,0,0,4,9,14,11,8,6,4,2,0,10,21,32,1,1,2,3,2,1,0,0,0,0,16,33,50,115,180,246,0,5,11,17,12,7,2,1,0,0,8,16,25,101,178,255,3,2,1,0,0,0,0,1,2,4,14,25,36,109,182,255,0,0,0,1,4,7,10,6,3,0,9,18,27,103,179,255,0,4,9,14,10,6,2,1,0,0,11,22,33,107,181,255,7,4,2,0,0,0,0,2,4,6,16,27,38,110,182,255,0,3,6,9,9,9,10,6,3,0,7,14,21,99,177,255,2,1,0,0,0,1,2,1,1,1,13,25,37,107,177,248,0,1,2,3,2,1,0,0,0,0,14,28,42,112,182,252,6,4,2,0,3,7,11,16,21,26,17,8,0,1,3,5,6,4,2,0,0,0,0,0,1,2,1,0,0,2,5,8,0,3,6,10,6,3,0,0,0,0,1,2,3,3,3,3
0,4,8,13,8,4,0,0,0,0,3,6,10,8,7,6,10,6,3,0,1,2,3,4,5,7,4,2,0,0,0,0,5,3,1,0,0,0,0,5,10,16,10,5,0,0,0,1,0,0,0,0,0,0,0,1,3,5,6,7,9,34,60,86,5,3,2,1,1,1,2,1,0,0,0,0,0,62,124,186,1,3,5,7,4,2,0,0,0,0,0,0,0,62,124,186,0,3,6,10,6,3,0,0,0,1,3,6,9,59,110,161,3,2,1,1,0,0,0,0,0,0,0,0,0,63,126,190,3,2,1,0,0,1,2,1,0,0,0,0,0,64,129,194,6,4,2,0,6,12,19,12,6,0,0,1,2,58,114,170,0,0,0,0,5,10,16,12,9,6,4,2,0,60,120,181,16,10,5,0,0,0,0,0,0,0,3,6,9,62,115,169,0,0,0,0,8,17,26,17,8,0,0,0,0,4,8,12,7,4,2,0,0,0,0,0,0,0,2,4,6,4,2,0,0,1,2,4,2,1,0,6,12,18,12,6,0,1,2,4,4,2,1,0,1,3,5,3,1,0,0,0,0,0,0,0
1,1,2,3,2,1,1,0,0,0,0,0,1,0,0,0,0,0,0,1,0,0,0,0,0,0,1,2,4,4,4,4,0,0,1,2,1,0,0,0,0,0,0,0,0,2,4,6,2,1,1,1,0,0,0,0,0,0,0,0,0,1,2,3,0,0,0,0,1,2,3,3,3,4,3,2,2,3,4,5,2,1,0,0,2,4,6,5,4,4,2,1,0,0,0,0,6,4,2,0,1,2,4,3,2,1,0,0,0,0,0,0,3,2,1,0,0,0,0,0,0,1,0,0,0,3,6,10,3,3,3,3,2,1,0,0,0,0,1,2,3,2,1,0,2,1,0,0,1,2,4,4,4,5,5,5,5,3,1,0,0,1,2,4,2,1,0,1,2,3,2,1,0,3,7,11,10,6,3,0,3,6,10,6,3,0,3,6,10,7,4,1,0,0,0,0,1,2,4,6,9,12,8,4,0,0,0,0,13,8,4,0,0,0,0,0,0,0,7,14,21,19,17,15,0,6,12,19,16,13,11,7,3,0,0,0,0,2,4,6,0,0,0,0,0,0,0,0,0,0,4,8,13,8,4,0
5,3,1,0,0,0,0,3,7,11,7,3,0,0,0,0,2,1,0,0,1,2,3,6,9,13,8,4,0,0,0,1,3,2,1,0,0,0,0,0,0,0,0,1,2,4,6,8,0,3,7,11,7,3,0,9,18,27,56,85,114,114,114,114,0,2,4,6,4,2,0,8,17,26,65,104,143,171,200,229,9,6,3,0,0,0,0,0,0,1,26,51,77,136,195,255,0,0,0,0,3,6,10,13,16,19,39,59,79,137,196,255,0,3,6,10,6,3,0,0,0,0,28,57,86,142,198,255,0,0,0,0,3,6,9,6,3,0,33,66,99,146,193,241,1,0,0,0,0,0,0,0,0,0,30,60,91,144,198,252,2,1,0,0,3,6,9,6,3,0,33,66,99,151,203,255,0,7,14,22,14,7,0,16,32,48,93,139,185,197,209,222,0,1,3,5,6,8,10,6,3,0,0,0,0,0,0,0,2,1,0,0,0,0,0,4,9,14,14,15,16,10,5,0,10,6,3,0,3,6,10,6,3,0,0,0,0,5,10,15,0,1,2,3,3,3,4,2,1,0,3,6,10,6,3,0
0,3,7,11,7,3,0,0,0,0,3,7,11,7,3,0,5,3,1,0,0,0,0,1,2,4,4,4,5,3,1,0,0,3,6,9,7,6,5,4,3,3,2,1,0,1,3,5,0,4,8,12,8,4,0,0,0,1,25,49,74,97,120,144,4,4,4,4,2,1,0,0,0,0,25,50,75,129,184,239,10,6,3,0,4,8,12,9,6,3,2,1,0,69,138,208,3,2,1,0,1,2,3,5,7,9,6,3,0,70,140,210,0,3,6,9,7,5,4,2,1,0,4,8,13,82,151,220,3,2,1,0,3,6,9,6,3,0,0,0,0,74,148,222,8,5,2,0,0,0,0,0,0,0,1,3,5,73,141,210,0,0,0,0,4,8,13,10,7,5,4,4,4,71,139,207,20,13,6,0,0,0,0,0,0,0,4,8,13,81,149,218,0,0,0,0,0,0,0,3,6,10,33,56,79,127,175,223,0,8,17,26,19,12,5,3,1,0,2,4,6,4,2,0,0,2,5,8,5,2,0,0,0,0,4,9,14,9,4,0,0,0,0,0,1,2,4,5,6,7,4,2,0,4,8,12
0,0,1,2,2,2,2,1,0,0,0,0,0,2,4,7,7,6,5,5,4,3,3,2,1,0,3,7,11,7,3,0,4,2,1,0,1,2,4,2,1,0,3,6,9,7,5,3,5,7,10,13,9,5,2,3,4,5,61,118,175,169,163,157,0,0,0,0,0,0,0,2,5,8,69,130,192,188,185,182,0,8,16,24,17,11,5,3,1,0,61,123,185,174,163,153,7,4,2,0,1,2,4,6,9,12,70,128,187,185,183,181,8,5,2,0,3,6,10,6,3,0,59,119,179,183,187,191,5,3,1,0,0,0,1,2,3,4,66,128,190,181,172,163,0,3,7,11,7,3,0,0,0,0,67,135,203,188,173,159,0,0,0,0,0,0,1,1,1,2,59,117,175,169,163,157,0,3,6,9,6,3,0,2,4,6,67,129,191,186,182,178,7,4,2,0,3,6,9,6,3,0,0,0,0,2,5,8,4,2,1,0,1,3,5,3,1,0,2,5,8,6,4,3,0,0,0,0,1,2,4,4,4,5,3,1,0,0,0,0,0,5,10,15,10,5,0,0,0,0,2,4,7,7,7,7
0,6,12,19,12,6,0,1,3,5,6,8,10,6,3,0,0,2,4,7,5,3,1,0,0,0,2,4,6,5,4,4,0,0,0,0,3,6,9,10,11,12,8,4,0,1,2,4,14,10,6,2,1,0,0,0,0,0,5,11,17,87,157,227,0,4,9,14,14,14,15,11,7,4,2,1,0,78,156,234,1,0,0,0,0,0,0,0,0,0,4,8,13,85,157,230,10,9,8,8,8,9,10,6,3,0,0,0,0,78,156,235,0,1,2,3,2,1,0,4,8,13,8,4,0,77,154,232,0,1,3,5,5,5,5,4,4,4,2,1,0,77,154,231,6,4,2,1,2,3,4,2,1,0,2,4,6,83,160,237,0,0,0,0,2,4,6,6,7,8,10,12,14,77,141,205,0,7,14,22,14,7,0,0,0,0,0,0,0,81,162,244,0,4,8,12,8,4,0,1,2,3,6,10,14,81,148,216,17,11,5,0,0,0,1,4,8,12,8,4,0,3,7,11,0,0,0,0,1,3,5,3,1,0,1,2,3,4,6,8,0,2,4,6,6,6,6,4,2,1,0,0,0,0,0,0
0,3,6,10,6,3,0,0,0,0,3,7,11,7,3,0,3,2,1,0,7,14,22,16,11,6,4,2,0,0,0,0,5,3,1,0,4,9,14,9,4,0,0,0,0,0,0,0,10,6,3,0,0,0,0,13,26,40,92,144,197,212,227,242,5,3,1,0,2,5,8,5,2,0,60,121,182,205,228,252,0,0,0,0,1,2,4,5,7,9,91,173,255,255,255,255,0,3,7,11,8,5,3,20,38,56,122,188,255,243,231,219,5,3,1,0,0,0,0,43,86,130,167,204,242,236,230,225,1,4,7,11,7,3,0,60,121,182,206,230,254,213,173,133,0,0,0,0,4,8,13,83,153,223,233,244,255,191,127,64,7,4,2,0,11,22,33,103,174,245,248,251,255,173,92,11,0,15,30,45,75,105,136,175,215,255,244,233,222,160,99,38,0,0,0,0,0,0,0,0,0,0,0,0,1,0,0,0,3,2,1,0,4,9,14,12,10,9,6,3,0,2,5,8,14,9,4,0,0,0,0,0,0,0,0,1,2,1,0,0,0,4,8,13,11,10,9,6,3,0,0,1,2,1,0,0
0,1,2,4,5,6,8,5,2,0,5,10,15,10,5,0,12,8,4,0,0,0,0,0,0,0,0,0,0,0,1,2,0,0,0,0,3,6,9,11,13,16,12,8,4,3,2,1,12,8,4,0,0,0,0,0,0,0,0,0,0,11,23,35,0,0,0,0,0,0,0,2,5,8,5,2,0,2,5,8,0,0,0,1,0,0,0,2,4,6,5,4,3,17,31,45,1,1,1,2,1,0,0,2,4,6,5,4,3,43,83,123,0,0,1,2,1,1,1,0,0,0,0,0,0,62,124,186,0,3,6,10,6,3,0,0,0,1,2,3,5,88,171,255,0,6,13,20,13,6,0,0,0,1,22,43,65,128,191,255,1,0,0,0,2,4,7,7,7,7,51,95,139,177,215,254,14,10,6,2,1,0,0,0,0,0,69,139,209,224,239,255,0,0,0,0,1,3,5,5,6,7,5,4,3,2,1,0,0,7,14,22,14,7,0,0,0,0,1,2,3,2,1,0,10,6,3,0,2,4,6,4,2,0,0,0,0,0,0,0,0,0,0,0,1,2,4,4,4,4,2,1,0,5,11,17
0,1,3,5,3,1,0,0,0,0,4,9,14,9,4,0,0,0,0,0,0,0,1,0,0,0,0,0,0,0,0,0,3,2,1,0,1,2,3,2,2,2,1,0,0,1,3,5,2,1,0,0,0,1,2,1,0,0,0,0,0,3,6,9,1,1,1,1,0,0,0,0,0,0,3,6,9,9,9,9,0,2,4,6,4,2,0,0,0,0,3,7,11,15,19,23,0,1,2,3,2,2,2,1,0,0,1,2,4,22,40,59,0,0,0,0,2,4,7,5,4,3,2,1,0,31,62,94,6,4,2,0,4,9,14,9,4,0,0,1,2,28,55,82,0,0,0,0,2,4,7,4,2,0,3,6,10,35,60,85,9,6,3,0,2,4,6,4,2,0,3,6,9,29,50,71,0,0,0,0,1,2,3,5,7,10,19,29,39,61,83,105,4,3,2,2,1,0,0,0,0,0,0,0,0,6,13,20,0,1,2,4,2,1,0,0,0,0,0,0,0,0,0,0,0,2,4,7,5,3,1,2,4,6,8,10,12,8,4,1,0,1,3,5,3,1,0,0,0,0,1,3,5,3,1,0
0,0,0,0,0,0,1,0,0,0,0,0,0,0,0,0,3,2,1,1,0,0,0,0,0,0,1,2,3,3,4,5,0,0,0,1,1,1,2,2,2,3,2,2,2,1,0,0,6,4,3,2,1,0,0,0,0,0,0,0,0,4,9,14,0,0,0,0,2,5,8,10,12,14,11,8,5,3,1,0,12,8,4,0,0,0,0,0,0,0,1,2,4,4,4,5,7,4,2,0,0,0,0,0,0,1,1,1,1,0,0,0,0,0,0,0,1,2,4,4,5,6,4,2,0,0,0,0,10,6,3,0,1,2,4,2,1,0,2,4,7,4,2,0,0,0,0,0,2,4,7,5,4,3,4,6,8,5,3,1,9,6,3,0,1,3,5,3,1,0,0,0,0,0,0,0,0,0,0,0,1,2,3,3,3,4,12,20,29,40,51,62,0,0,0,0,0,1,2,1,0,0,0,0,1,2,4,6,3,2,1,0,0,0,0,0,0,0,0,0,0,0,0,0,5,3,1,0,0,0,0,0,0,0,0,0,0,1,2,4,0,0,0,0,0,0,0,2,5,8,5,2,0,0,0,0
0,3,6,10,6,3,0,0,0,0,0,0,0,2,4,6,8,6,5,4,3,2,2,6,10,14,10,6,2,1,0,0,0,0,0,0,0,0,0,1,3,5,3,1,0,3,7,11,0,2,5,8,5,2,0,0,0,0,1,3,5,47,89,132,0,7,15,23,15,7,0,0,0,0,3,6,9,85,161,237,0,2,5,8,5,2,0,0,0,0,0,0,0,84,168,252,3,2,1,0,1,3,5,4,3,2,2,3,4,83,162,242,5,3,1,0,4,9,14,9,4,0,3,6,9,83,157,232,2,1,0,0,0,0,0,1,2,3,2,1,0,81,162,243,0,1,2,4,2,1,0,1,2,4,2,1,0,83,166,249,0,4,9,14,9,4,0,1,3,5,3,1,0,83,166,250,0,2,4,6,4,2,0,0,0,0,1,2,4,78,152,226,0,0,0,0,2,5,8,7,6,6,4,2,0,6,12,19,10,6,3,0,0,0,0,1,2,4,4,5,6,4,2,0,6,4,2,0,0,0,0,1,2,4,7,10,13,8,4,0,0,4,8,12,8,4,0,0,0,0,0,0,0,0,0,0
0,3,7,11,7,3,0,0,0,0,2,5,8,6,4,2,7,4,2,0,0,0,0,2,5,8,5,2,0,0,0,0,0,0,0,0,0,0,1,3,6,9,6,4,2,5,8,12,0,1,3,5,4,3,2,1,0,0,0,0,0,0,0,0,0,0,0,0,0,0,0,2,4,6,8,10,13,9,6,3,0,5,10,16,10,5,0,0,0,0,0,0,0,0,0,0,0,3,7,11,7,4,1,0,0,0,1,2,4,8,12,16,2,1,0,0,0,0,0,1,2,3,2,1,0,0,0,1,0,3,6,9,6,4,2,2,2,2,1,1,1,0,0,0,1,1,1,2,1,0,0,0,0,0,2,4,7,10,14,18,0,0,0,0,3,6,10,6,3,0,0,0,0,0,0,0,13,8,4,0,0,0,0,0,0,0,3,6,9,6,3,0,0,0,0,0,4,8,12,8,4,0,0,0,0,1,2,3,0,0,0,1,2,4,6,4,2,0,2,5,8,7,6,5,0,4,8,12,9,6,3,2,1,0,0,0,0,0,0,0,0,0,0,0,0,0,0,3,7,11,9,7,5,3,1,0
1,0,0,0,0,0,0,3,6,10,7,5,3,2,1,0,2,1,0,0,0,0,0,0,0,0,0,0,0,1,2,3,11,7,3,0,3,7,11,7,4,1,1,2,3,2,1,0,0,0,0,0,0,0,0,0,0,0,3,7,11,29,47,65,4,8,12,17,15,13,11,8,6,4,20,37,54,115,176,238,0,0,0,1,0,0,0,0,0,0,15,31,47,116,185,255,4,2,1,0,0,0,0,2,5,8,21,34,47,115,184,253,9,6,3,0,2,4,7,4,2,0,15,30,46,115,185,255,0,0,0,0,1,3,5,3,1,0,17,35,53,119,186,253,2,2,2,3,2,1,0,1,3,5,21,37,53,120,187,255,2,4,6,9,6,3,0,4,9,14,28,42,57,123,189,255,0,1,2,3,2,1,0,1,2,3,18,33,49,112,176,240,0,0,1,2,5,9,13,9,5,1,0,0,0,6,12,19,1,0,0,0,1,2,3,2,1,0,0,1,2,1,0,0,0,0,1,2,1,0,0,0,1,2,5,8,11,7,3,0,0,4,8,12,8,4,0,0,0,1,0,0,0,0,0,0
14,9,4,0,0,1,2,4,6,8,5,2,0,0,0,0,0,0,0,0,1,3,5,3,1,0,1,3,5,8,11,14,0,2,4,7,6,5,4,2,1,0,0,0,0,0,0,1,0,0,1,2,1,0,0,0,0,1,2,3,5,3,1,0,2,1,0,0,0,0,0,2,4,7,5,4,3,2,1,0,1,2,3,4,2,1,0,0,1,2,1,0,0,0,0,0,0,0,0,0,0,0,0,2,4,7,4,2,0,5,10,15,10,6,3,0,0,0,0,2,4,7,4,2,0,0,0,0,6,4,2,0,0,0,0,4,9,14,9,4,0,0,1,2,0,3,7,11,7,4,1,0,0,0,0,0,0,2,4,7,0,2,4,7,4,2,0,0,0,0,3,7,11,8,6,4,0,2,4,7,6,5,5,5,5,6,4,2,0,0,0,0,2,1,0,0,0,0,0,0,0,0,0,0,1,5,9,13,0,0,0,0,2,5,8,6,4,2,1,0,0,0,1,2,8,5,2,0,0,0,0,2,5,8,9,10,11,7,3,0,0,3,6,9,7,5,3,2,1,0,1,2,4,4,4,4
2,1,0,0,2,4,6,4,2,0,2,4,6,4,2,0,0,0,0,0,0,0,0,0,0,0,2,4,6,4,2,0,0,3,6,10,8,7,6,4,3,2,1,0,0,0,0,1,0,4,8,13,8,4,0,1,3,5,3,2,1,32,64,96,7,5,3,1,0,0,0,0,0,0,4,9,14,84,155,226,0,0,0,0,0,0,0,0,0,0,0,0,0,85,170,255,0,0,0,0,5,10,15,10,5,0,0,0,0,80,161,242,7,4,2,0,0,0,0,0,0,0,3,7,11,89,167,245,0,2,5,8,5,2,0,2,4,6,4,2,0,81,163,245,3,2,1,0,0,0,0,3,6,10,7,4,1,84,167,251,0,3,6,9,7,5,4,3,3,3,2,1,0,78,156,235,0,3,6,9,6,3,0,0,0,0,5,11,17,94,171,249,9,6,4,2,1,0,0,1,2,3,2,1,0,0,0,0,0,0,0,0,0,0,0,5,10,15,16,17,18,12,6,0,4,4,4,4,4,4,4,2,1,0,0,0,0,0,0,1,1,0,0,0,3,7,11,8,6,4,2,1,0,6,12,18
0,1,2,3,2,1,1,2,3,4,2,1,0,0,0,0,0,0,0,1,0,0,0,0,0,1,3,5,8,7,6,5,3,3,4,5,3,1,0,0,0,0,1,2,4,2,1,0,0,2,4,6,5,4,3,3,3,3,2,1,0,0,0,0,0,0,0,0,0,0,1,3,5,8,5,3,1,0,0,0,1,0,0,0,0,0,0,1,2,3,3,3,4,2,1,0,3,3,3,3,2,1,0,0,0,0,0,0,1,0,0,0,0,3,6,9,7,5,4,2,1,0,0,0,0,3,6,10,6,4,2,0,0,0,0,3,6,9,6,3,0,1,2,4,0,3,6,9,7,6,5,3,1,0,0,0,0,3,6,10,0,0,1,2,1,0,0,0,0,0,4,9,14,10,6,2,0,0,1,2,2,2,2,2,3,4,2,1,0,0,0,0,5,3,1,0,0,0,0,0,0,0,1,2,4,6,8,11,3,2,1,0,2,4,6,6,7,8,5,2,0,0,0,0,7,4,2,0,0,0,0,4,8,13,10,7,5,3,1,0,0,3,6,9,6,3,0,0,0,0,0,0,0,0,0,0
0,0,0,0,0,1,2,1,0,0,0,0,0,2,4,6,1,0,0,0,0,0,0,0,1,2,1,1,1,0,0,0,0,0,0,0,0,0,0,1,2,4,4,4,4,2,1,0,0,4,8,12,9,6,3,2,1,0,0,0,0,2,4,6,1,2,3,5,3,1,0,0,0,0,0,0,0,4,8,12,5,3,1,0,0,0,0,0,1,2,2,2,2,1,0,0,0,0,0,0,1,3,5,5,5,6,4,3,2,5,9,13,0,2,5,8,8,8,9,6,3,0,0,0,0,26,52,79,0,0,0,1,5,10,15,10,5,0,3,6,10,45,80,115,27,18,9,0,0,0,0,0,0,0,0,0,0,62,124,187,0,0,0,0,2,4,7,4,2,0,1,2,3,82,161,241,0,4,9,14,12,10,8,5,2,0,15,31,47,114,181,248,0,0,0,0,0,0,0,0,0,0,0,0,0,0,1,2,7,4,2,0,2,4,7,9,11,14,10,6,2,1,0,0,0,0,0,0,0,0,1,0,0,0,0,0,0,3,6,9,6,4,2,1,0,0,0,0,0,0,5,11,17,11,5,0
0,1,2,4,2,1,0,0,1,2,3,4,6,4,2,0,0,0,1,2,1,0,0,0,0,1,0,0,0,0,0,0,3,2,1,0,0,0,1,0,0,0,0,0,0,0,0,0,5,3,1,0,0,0,1,0,0,0,0,0,0,1,2,3,6,4,2,0,0,0,1,0,0,0,0,0,0,1,2,3,4,2,1,0,1,2,3,2,1,0,1,2,3,2,1,1,1,0,0,0,2,4,6,4,2,0,1,2,3,2,1,0,0,0,0,0,3,6,9,6,3,0,0,0,1,0,0,0,5,3,1,0,0,0,0,0,0,0,2,5,8,5,2,0,0,0,0,1,0,0,0,0,0,0,0,1,2,1,0,0,0,1,2,3,2,1,0,1,2,4,4,5,6,5,4,4,0,4,9,14,13,12,11,8,5,3,2,1,0,0,0,0,8,5,2,0,0,0,0,0,0,0,4,9,14,9,4,0,0,0,0,1,2,3,5,4,3,2,2,2,2,1,0,0,1,0,0,0,3,6,9,6,3,0,4,8,12,8,4,0,6,4,2,0,2,4,7,4,2,0,1,2,4,2,1,0
2,3,5,7,5,3,1,0,0,0,1,2,4,2,1,0,0,0,0,0,0,0,0,2,4,7,8,9,10,6,3,0,2,2,3,4,2,1,0,0,0,0,0,0,0,2,4,6,0,0,1,2,2,2,2,1,0,0,2,5,8,50,92,135,2,1,0,0,2,4,6,4,2,0,3,6,10,87,164,241,12,8,4,0,2,4,6,4,3,2,1,0,0,82,165,248,5,3,1,0,1,2,4,5,6,7,4,2,0,85,170,255,0,0,1,2,2,2,2,1,0,0,0,0,0,85,170,255,0,3,6,9,6,3,0,0,1,2,3,5,7,84,161,238,0,0,1,2,1,0,0,0,0,0,1,2,3,87,171,255,5,3,1,0,0,0,1,0,0,0,1,3,5,88,171,255,4,2,1,0,0,0,1,0,0,0,4,9,14,86,158,231,0,0,0,1,5,9,14,9,4,0,0,0,0,4,9,14,0,0,0,0,0,0,0,0,0,0,2,4,6,4,2,0,3,3,3,3,2,1,0,0,0,0,3,6,10,6,3,0,0,1,3,5,3,1,0,1,2,3,2,1,0,0,0,1
0,1,3,5,3,1,0,0,0,0,3,6,10,8,7,6,0,0,0,0,2,5,8,5,3,1,0,0,0,0,0,0,10,6,3,0,0,0,0,0,0,0,0,0,0,3,6,10,0,0,0,0,1,2,3,6,9,12,9,6,3,2,1,0,0,2,4,7,4,2,0,0,0,0,0,0,0,1,3,5,0,2,5,8,5,2,0,1,3,5,3,2,1,0,0,0,8,5,3,1,0,0,0,0,0,1,0,0,0,0,0,1,0,0,0,0,0,0,0,5,10,15,10,5,0,0,1,2,0,0,0,0,0,0,0,3,6,9,6,3,0,0,0,1,3,3,4,5,3,1,0,0,0,0,0,0,0,1,2,4,0,0,1,2,1,0,0,1,2,4,3,3,3,2,1,0,0,0,0,0,0,0,0,5,11,17,15,13,11,7,3,0,11,9,7,6,4,2,0,0,0,0,0,0,0,1,2,3,0,1,3,5,6,8,10,7,4,2,2,3,4,2,1,0,0,0,1,2,1,1,1,0,0,0,0,0,0,3,7,11,5,3,1,0,0,0,0,1,2,4,3,2,2,1,0,0
1,1,1,1,1,1,2,1,0,0,2,4,6,4,2,0,2,1,0,0,0,1,2,1,0,0,2,5,8,5,2,0,0,0,0,0,0,1,2,1,0,0,3,6,10,6,3,0,0,0,0,0,0,0,0,0,0,0,1,3,5,3,1,0,0,0,1,2,1,0,0,3,6,10,6,3,0,0,0,0,1,1,1,2,1,0,0,3,6,10,6,3,0,0,0,0,5,3,1,0,2,4,6,4,2,0,0,0,0,0,0,0,6,4,2,0,3,7,11,7,3,0,3,7,11,9,7,5,11,7,3,0,0,0,0,2,5,8,5,2,0,3,6,10,0,0,0,0,0,0,0,0,0,0,0,0,0,3,6,9,8,8,8,9,8,7,6,4,2,0,0,0,0,0,1,2,0,2,5,8,9,10,11,7,3,0,0,0,0,0,0,0,0,0,0,0,0,0,0,1,2,3,9,15,22,14,7,0,0,6,12,19,14,9,4,2,1,0,0,0,0,0,0,0,0,1,2,3,2,1,0,0,0,0,0,0,1,4,8,12,3,2,1,0,1,3,5,7,9,11,9,7,6,4,2,0
3,2,1,0,0,1,2,2,2,3,2,1,1,1,1,1,0,0,0,0,3,6,9,6,3,0,0,0,0,0,0,0,0,0,0,0,0,1,2,1,0,0,0,0,0,3,6,9,2,1,0,0,0,0,0,0,0,0,1,2,3,5,8,11,0,0,0,0,1,2,3,3,3,3,2,1,0,0,0,0,1,0,0,0,0,0,0,2,5,8,5,2,0,0,0,0,1,0,0,0,0,0,0,2,4,7,6,5,5,5,5,6,0,1,2,4,2,1,0,0,1,2,1,0,0,0,0,1,8,5,2,0,0,0,0,4,8,12,8,4,0,0,0,0,0,0,0,0,0,0,0,0,0,1,1,1,2,6,10,14,3,6,10,14,10,6,3,2,1,0,0,0,0,0,0,0,0,0,0,0,0,0,0,0,1,2,1,1,1,0,0,0,0,0,0,0,0,0,0,0,1,2,3,4,6,4,2,0,7,8,9,11,9,7,5,3,1,0,0,0,0,0,0,0,0,0,0,0,0,0,1,0,0,0,0,0,0,1,2,4,3,2,1,0,2,4,7,7,7,8,5,2,0,0,0,0
0,0,1,2,1,0,0,3,7,11,7,3,0,0,0,0,0,0,0,0,1,3,5,4,4,4,3,3,3,2,1,0,6,4,2,0,3,6,10,6,3,0,0,0,0,4,9,14,2,1,0,0,2,4,6,4,2,0,7,14,22,45,68,92,7,4,2,0,0,0,0,2,4,7,12,17,22,56,91,126,8,6,4,2,1,0,0,0,0,1,0,0,0,31,62,93,0,0,1,2,1,0,0,0,0,0,0,0,0,30,60,90,0,3,6,10,6,3,0,0,0,0,1,3,5,33,61,89,0,2,4,7,4,2,0,0,0,0,6,12,18,40,63,86,0,3,6,9,6,3,0,2,5,8,5,2,0,28,57,86,0,0,0,0,0,0,0,5,10,15,10,5,0,31,62,94,8,5,2,0,0,0,0,0,0,1,12,24,36,73,111,149,0,1,2,4,5,6,7,4,2,0,2,4,6,9,13,17,0,1,2,3,2,1,0,0,0,0,0,0,0,0,0,0,5,6,7,8,8,8,8,9,11,13,9,5,1,0,0,0,10,6,3,0,1,2,3,2,1,0,1,2,3,3,3,3
0,0,0,0,0,0,1,4,8,12,8,4,0,0,0,0,7,5,3,1,0,0,0,0,0,0,0,0,0,0,0,0,0,0,0,1,1,2,3,4,5,6,5,4,4,3,3,3,0,1,2,4,3,2,2,1,0,0,0,0,0,5,11,17,0,1,2,3,2,2,2,1,0,0,0,0,0,3,6,10,0,0,0,0,1,2,4,5,6,8,5,3,1,0,0,0,7,6,5,4,2,1,0,0,0,0,0,0,0,1,2,4,0,1,2,3,3,3,4,2,1,0,0,1,2,3,5,7,0,0,1,2,1,0,0,0,0,0,2,4,6,4,2,1,1,3,6,9,6,3,0,0,0,0,0,0,0,2,4,6,0,0,0,0,0,0,0,0,0,0,0,1,2,1,0,0,0,0,0,0,0,0,0,4,9,14,10,7,4,2,1,0,16,12,8,4,2,1,0,0,0,0,0,0,0,3,7,11,0,1,2,4,5,6,7,6,5,5,4,3,2,1,0,0,0,1,2,3,2,1,0,0,0,0,0,0,0,1,3,5,4,2,1,0,0,0,0,4,8,12,10,8,7,4,2,0
0,1,3,5,5,5,6,4,2,0,2,4,7,4,2,0,0,0,0,0,0,0,0,0,0,0,0,0,0,4,9,14,9,6,3,0,0,0,0,4,9,14,9,4,0,2,4,7,0,2,4,6,4,2,0,0,0,0,3,7,11,71,131,191,0,1,2,4,2,1,0,3,6,10,6,3,0,57,115,173,0,2,4,7,4,2,0,0,0,0,0,0,0,69,139,209,1,0,0,0,0,0,0,4,8,13,10,7,5,59,113,167,5,3,1,0,0,0,0,0,0,0,2,5,8,68,128,189,11,7,3,0,0,0,0,1,2,3,4,5,6,63,120,178,3,4,5,7,8,9,10,6,3,0,1,2,4,67,130,194,0,0,0,0,4,8,13,8,4,0,0,1,2,59,116,174,13,9,5,1,0,0,0,0,0,0,6,12,19,74,129,184,3,2,1,0,0,0,0,0,0,1,0,0,0,0,0,1,2,1,0,0,2,4,7,8,10,12,9,6,4,4,4,5,0,0,0,0,0,0,0,0,0,0,0,0,0,2,4,6,0,1,2,3,4,5,7,4,2,0,2,4,7,5,3,2
1,0,0,0,0,0,0,4,9,14,11,8,5,3,1,0,8,8,8,9,6,3,0,0,0,0,0,0,0,2,4,6,0,0,0,0,5,10,15,11,7,4,5,6,7,4,2,0,5,3,1,0,0,0,0,0,0,0,0,1,2,5,8,12,2,1,0,0,1,2,4,3,2,1,1,2,3,2,1,0,2,1,0,0,1,2,3,2,1,0,1,2,4,3,2,2,0,2,4,6,4,2,0,0,0,0,1,2,4,6,8,11,0,2,4,7,4,2,0,0,0,0,0,0,1,1,1,1,0,2,4,7,4,2,0,0,0,0,0,0,1,1,1,1,0,2,4,6,4,2,0,0,0,0,1,2,4,6,8,11,2,1,0,0,1,2,3,2,1,0,1,2,4,3,2,2,2,1,0,0,1,2,4,3,2,1,1,2,3,2,1,0,5,3,1,0,0,0,0,0,0,0,0,1,2,5,8,12,0,0,0,0,5,10,15,11,7,4,5,6,7,4,2,0,8,8,8,9,6,3,0,0,0,0,0,0,0,2,4,6,1,0,0,0,0,0,0,4,9,14,11,8,5,3,1,0
0,0,0,0,0,0,0,1,2,3,2,1,0,0,1,2,3,3,4,5,4,3,3,4,6,8,7,6,6,4,2,0,0,0,0,0,0,0,0,0,0,0,0,0,0,3,6,10,1,1,2,3,4,6,8,11,14,17,23,29,36,85,135,185,3,2,1,0,0,0,0,0,0,0,0,0,0,71,142,214,1,1,1,2,1,0,0,2,4,7,11,15,20,97,174,251,0,0,0,0,0,0,0,3,6,9,34,59,84,141,198,255,6,4,2,0,0,0,0,0,0,0,43,86,130,168,206,245,6,4,2,0,0,0,1,1,1,1,66,132,198,214,231,248,0,4,9,14,11,8,5,5,5,6,84,162,241,245,250,255,0,0,0,0,0,0,0,17,34,51,119,187,255,248,241,234,5,3,1,0,16,32,49,83,117,152,184,217,250,239,229,219,4,3,2,1,0,0,0,0,0,0,0,0,0,3,7,11,0,7,14,22,14,7,0,0,0,1,1,1,1,2,3,4,0,5,10,15,10,5,0,1,3,5,8,11,15,10,5,0,0,0,0,0,0,1,2,1,0,0,0,0,0,2,4,6
0,2,4,6,4,2,0,0,1,2,1,0,0,0,0,0,0,1,3,5,3,1,0,1,2,3,4,5,6,9,13,17,8,7,6,5,4,3,3,2,1,0,0,0,0,0,0,0,0,0,0,0,0,0,0,3,7,11,12,13,14,14,14,14,8,5,2,0,0,0,0,0,0,0,0,0,0,0,0,0,0,1,3,5,4,3,2,1,0,0,0,0,0,2,4,7,0,2,4,6,4,2,0,0,0,0,2,4,7,6,5,5,5,3,2,1,0,0,0,1,2,4,6,8,10,6,3,0,0,4,8,12,10,9,8,5,2,0,0,0,1,5,9,14,2,1,0,0,0,0,0,2,4,7,10,13,17,38,59,80,5,4,3,2,1,0,0,0,0,0,0,0,0,51,103,155,0,0,0,0,2,5,8,5,2,0,0,0,0,54,108,163,12,8,4,0,1,2,3,2,1,1,0,0,0,5,10,15,2,1,0,0,0,0,0,0,0,1,4,7,11,7,3,0,0,2,5,8,5,2,0,0,0,0,0,0,0,0,0,0,0,0,1,2,1,0,0,4,8,12,9,6,4,2,1,0
0,0,0,0,0,0,0,2,4,6,4,2,0,2,5,8,0,3,6,10,6,3,0,0,1,2,1,0,0,0,0,0,0,4,8,13,8,4,0,0,0,0,1,2,3,2,1,0,0,1,3,5,3,1,0,0,0,0,1,3,5,9,14,19,4,2,1,0,0,0,0,2,4,7,6,5,5,24,43,63,8,5,2,0,0,0,0,2,5,8,5,2,0,28,57,86,3,2,1,0,0,0,0,0,1,2,1,0,0,29,59,89,0,1,3,5,3,1,0,0,1,2,1,0,0,30,60,90,1,2,4,6,4,2,0,2,5,8,5,2,0,26,52,78,3,3,3,4,2,1,0,0,1,2,11,21,31,36,41,47,0,1,2,3,2,1,0,1,3,5,26,48,70,54,39,24,0,0,1,2,3,4,6,5,4,4,23,42,62,43,24,6,0,0,0,0,3,6,9,6,3,0,5,11,17,11,5,0,7,4,2,0,1,2,4,2,1,0,0,0,0,0,0,1,6,4,2,0,1,2,3,3,3,3,2,1,0,3,6,9,0,0,0,0,1,3,5,6,7,8,5,2,0,0,0,0
3,2,1,1,0,0,0,6,12,18,12,6,0,0,0,0,0,0,1,2,5,9,13,8,4,0,0,0,0,7,15,23,0,6,13,20,13,6,0,0,0,1,6,11,16,10,5,0,11,7,3,0,0,0,0,3,6,10,6,3,0,0,0,0,0,6,12,18,12,6,0,3,7,11,9,8,7,20,34,48,6,4,2,0,9,18,27,18,9,0,13,26,40,61,83,105,1,0,0,0,0,0,0,0,0,0,24,49,74,58,43,28,5,3,1,0,1,3,5,5,5,6,32,58,85,56,28,0,0,0,0,0,0,0,0,1,2,4,28,52,77,51,25,0,0,0,1,2,2,3,4,6,8,11,32,53,74,53,32,11,0,0,0,0,2,4,6,6,6,6,20,34,49,36,23,10,0,0,0,0,1,2,3,2,1,0,5,10,16,10,5,0,2,1,0,0,1,2,4,2,1,0,0,0,0,0,0,0,3,2,1,0,0,0,1,0,0,0,0,0,0,0,0,0,1,0,0,0,0,0,0,0,0,1,0,0,0,0,0,0,3,2,1,0,0,0,0,2,5,8,6,4,2,1,0,0
8,5,2,0,0,0,0,0,0,0,4,8,13,8,4,0,0,0,0,0,4,9,14,10,7,4,2,1,0,5,10,15,4,4,4,5,3,1,0,1,3,5,3,1,0,0,0,0,0,3,7,11,7,3,0,42,84,127,133,139,146,114,82,50,0,2,4,7,6,6,6,84,163,242,246,250,255,224,193,162,0,0,0,0,0,0,0,82,164,246,229,213,197,209,222,235,0,0,0,0,0,0,0,82,165,248,212,176,140,174,208,242,2,3,4,5,3,1,0,79,159,239,196,154,112,138,165,192,0,0,0,0,3,6,9,85,161,238,199,161,123,113,103,94,6,4,2,0,3,6,9,83,158,233,194,156,118,86,54,23,0,3,6,9,6,3,0,83,166,250,201,152,104,70,36,2,0,0,0,1,0,0,0,83,166,250,206,163,120,80,40,0,4,4,4,4,2,1,0,1,2,3,4,6,8,5,2,0,5,3,1,0,2,4,6,4,2,0,0,0,0,2,4,6,0,2,4,7,4,2,0,2,5,8,5,2,0,6,13,20,2,1,0,0,0,0,0,3,6,10,6,3,0,0,0,0
0,4,8,13,8,4,0,0,0,0,4,8,13,8,4,0,0,0,1,2,1,0,0,9,18,28,18,9,0,0,1,2,2,1,0,0,0,0,0,0,0,0,2,4,7,7,7,7,0,4,8,13,14,15,16,10,5,0,0,0,0,0,0,0,0,0,0,0,0,0,1,42,83,124,101,78,55,75,96,117,22,14,7,0,3,6,9,91,173,255,242,230,218,203,189,175,0,0,0,0,6,12,18,97,176,255,229,203,178,118,59,0,0,4,8,13,10,8,6,87,168,249,203,157,111,78,45,12,1,0,0,0,2,4,6,89,172,255,209,163,118,78,39,0,2,4,6,8,9,10,12,93,174,255,207,159,112,75,38,2,0,0,0,0,7,14,22,97,172,247,202,158,114,76,38,0,0,7,14,22,14,7,0,3,6,10,8,6,5,8,12,16,0,0,0,0,0,0,0,0,0,0,1,2,3,2,1,0,4,6,8,10,6,3,0,2,4,7,5,3,2,2,3,4,0,2,4,6,4,2,0,0,0,0,0,0,0,4,8,12,0,0,0,0,4,8,13,8,4,0,3,7,11,7,3,0
5,3,1,0,0,0,0,0,0,0,3,6,10,6,3,0,0,2,5,8,5,2,0,0,0,0,0,0,0,0,0,0,0,3,6,10,6,3,0,3,6,9,9,10,11,11,12,13,0,1,2,3,2,1,0,2,4,7,22,38,54,54,54,54,10,7,4,2,1,0,0,19,39,59,124,189,255,255,255,255,0,3,6,9,8,8,8,17,26,36,109,182,255,251,248,245,0,1,3,5,4,4,4,18,32,46,115,185,255,230,205,181,8,5,2,0,0,0,0,22,44,66,126,186,247,199,151,103,0,3,7,11,7,3,0,17,34,52,119,187,255,203,152,101,6,4,2,0,0,0,0,18,36,55,120,186,252,194,136,79,5,3,1,0,4,8,12,29,46,64,127,190,253,198,143,88,0,1,2,3,2,1,0,15,31,47,113,179,246,195,144,94,2,1,1,1,7,13,20,13,6,0,1,3,5,9,13,17,0,0,1,2,1,0,0,0,0,0,0,0,1,0,0,0,0,3,6,9,6,3,1,2,4,6,6,6,6,4,2,0,0,0,0,1,0,0,0,0,0,0,1,3,5,3,1,0
7,6,6,6,4,2,0,1,2,3,3,4,5,3,2,1,0,0,0,0,3,6,9,9,9,9,6,3,0,0,0,0,8,5,3,1,0,0,0,0,0,1,4,7,11,12,13,14,0,0,0,0,5,11,17,11,5,0,1,3,5,3,1,0,9,6,3,0,7,14,21,46,71,97,71,45,20,41,62,84,3,2,1,0,8,17,26,102,178,255,230,205,180,188,196,204,0,0,0,0,22,44,67,127,187,248,232,217,202,134,67,0,0,3,6,9,12,15,18,95,172,250,211,172,133,88,44,0,7,4,2,0,9,18,28,103,179,255,209,163,117,78,39,0,0,1,2,3,19,36,53,118,184,250,206,163,120,83,46,10,4,2,1,0,19,38,57,118,179,240,206,172,138,92,46,0,5,4,4,4,2,1,0,0,0,1,0,0,0,2,4,6,0,1,3,5,6,8,10,6,3,0,0,0,0,0,0,0,1,0,0,0,1,3,5,3,1,0,2,4,6,4,2,0,2,1,0,0,0,0,0,0,0,0,4,8,13,9,5,2,0,1,3,5,5,5,6,4,2,0,0,0,0,0,0,0
4,2,1,0,0,1,2,1,0,0,4,8,13,8,4,0,0,0,0,0,4,8,13,10,7,4,2,1,0,2,4,6,0,0,0,0,1,2,4,2,1,0,0,0,0,0,0,0,0,1,3,5,3,1,0,0,1,2,33,65,97,75,53,32,0,1,3,5,3,1,0,4,8,13,83,153,224,202,181,160,0,0,0,0,0,0,0,0,0,0,85,170,255,252,249,247,7,4,2,0,0,0,0,0,0,0,78,157,236,216,197,178,0,0,0,0,1,3,5,8,11,15,88,161,234,173,113,53,0,5,10,15,10,5,0,0,0,0,83,166,249,186,124,62,0,0,1,2,1,0,0,3,6,10,83,157,231,168,105,42,0,5,10,15,12,9,6,4,2,0,80,160,240,180,121,62,0,1,2,4,2,1,0,3,7,11,89,168,247,178,109,41,0,0,0,0,5,11,17,11,5,0,1,2,3,2,2,2,0,1,3,5,3,1,0,0,0,0,0,0,1,5,9,13,11,7,3,0,0,0,0,2,5,8,7,6,5,3,1,0,1,0,0,0,2,4,6,4,2,0,0,0,0,4,9,14
0,0,0,0,0,0,0,0,0,0,0,0,0,0,0,0,0,7,14,21,14,7,0,0,1,2,5,9,13,8,4,0,0,2,5,8,5,2,0,0,0,0,1,2,4,2,1,0,0,0,0,0,5,10,16,13,10,8,5,2,0,1,2,4,15,10,5,0,1,2,3,17,31,45,39,34,29,42,55,69,0,0,0,0,10,20,30,104,178,252,235,218,201,193,185,178,5,6,7,8,14,20,27,103,179,255,186,118,50,33,16,0,0,0,0,0,9,18,28,101,175,249,167,86,5,7,9,12,0,0,0,0,8,16,25,101,178,255,170,85,0,0,0,0,2,8,14,20,26,32,39,108,177,247,165,84,3,3,4,5,0,0,0,0,2,5,8,88,169,250,173,96,20,13,6,0,13,12,11,10,7,4,2,4,7,10,6,3,0,0,1,2,0,0,0,1,0,0,0,1,2,4,2,1,0,0,0,0,6,4,2,0,2,5,8,5,2,0,6,13,20,13,6,0,7,7,7,7,4,2,0,2,4,7,4,2,0,4,8,13,0,0,0,1,3,5,7,4,2,0,0,0,0,0,1,2
6,5,5,5,3,1,0,3,6,9,6,3,0,0,0,0,0,0,1,2,4,7,10,7,4,1,0,0,0,6,12,18,12,10,9,8,5,2,0,0,1,2,2,2,2,1,0,0,0,0,0,0,0,0,0,5,10,15,10,5,0,2,4,6,16,11,6,2,1,0,0,1,3,5,31,57,84,137,190,243,0,1,2,4,4,4,5,3,1,0,60,120,181,197,213,230,12,10,9,8,5,2,0,0,0,0,76,152,229,194,159,124,0,0,0,0,4,8,12,26,40,55,87,119,151,126,101,76,0,1,2,3,3,3,3,40,77,114,110,106,103,74,45,16,8,5,2,0,2,4,7,69,132,195,141,87,34,22,11,0,1,0,0,0,7,15,23,90,157,224,149,74,0,2,5,8,0,2,4,7,25,44,63,94,125,157,106,55,4,3,3,3,0,0,0,1,3,6,9,6,3,0,0,0,0,0,0,0,0,2,5,8,5,2,0,0,0,0,8,16,25,16,8,0,8,5,3,1,0,0,0,0,0,0,1,2,3,2,1,0,0,0,0,0,3,6,9,8,7,7,5,3,1,1,1,2
4,2,1,0,3,7,11,7,3,0,0,0,1,0,0,0,10,12,14,17,11,5,0,0,1,2,2,3,4,2,1,0,0,1,2,3,2,1,0,1,3,5,5,6,7,4,2,0,10,9,8,8,7,6,5,3,1,0,3,6,10,6,3,0,0,0,1,2,1,0,0,3,6,9,6,3,0,2,4,7,3,6,10,14,9,4,0,1,2,4,56,109,162,131,100,70,12,8,4,0,1,3,5,11,18,25,84,143,203,192,181,170,0,5,11,17,11,5,0,2,4,6,87,168,249,180,111,42,0,1,2,3,2,1,0,34,68,102,121,140,160,106,53,0,18,12,6,0,6,13,20,51,82,113,104,95,86,65,44,24,0,0,0,0,0,0,0,8,16,24,16,8,0,0,0,0,0,7,14,22,14,7,0,0,0,0,3,7,11,7,3,0,0,0,0,0,0,0,0,0,0,0,1,2,3,2,1,0,6,4,2,1,2,3,5,4,4,4,2,1,0,0,0,0,0,0,1,2,1,0,0,0,0,0,1,2,4,4,4,5,8,5,2,0,0,0,0,2,4,7,5,3,1,0,0,0
4,2,1,0,0,0,0,0,0,0,0,0,0,0,0,0,0,0,0,0,7,15,23,15,7,0,1,2,3,2,2,2,10,6,3,0,0,0,0,0,0,0,3,7,11,7,3,0,1,2,4,6,4,2,0,45,90,136,141,146,151,127,103,79,0,4,9,14,9,5,1,85,170,255,255,255,255,240,225,211,2,1,0,0,0,0,0,82,164,247,239,231,224,234,244,255,0,0,0,0,1,3,5,86,167,248,227,207,187,205,224,243,0,0,1,2,1,0,0,83,167,251,221,191,162,166,171,176,0,0,0,0,0,1,2,83,165,247,226,205,184,148,113,78,2,2,2,3,2,1,0,84,169,254,224,195,166,118,71,24,0,0,1,2,1,0,0,84,169,254,223,192,162,108,54,0,0,0,0,0,3,7,11,90,169,249,220,192,164,109,54,0,0,2,4,6,4,2,0,8,16,25,18,11,5,5,5,6,1,1,2,3,3,3,3,4,5,6,4,2,0,3,7,11,0,0,0,1,3,5,7,4,2,0,0,0,0,4,8,12,4,2,1,0,0,0,0,3,6,9,6,3,1,0,0,0
1,1,1,1,0,0,0,0,0,0,0,1,2,1,0,0,4,2,1,0,0,0,1,9,17,26,17,8,0,1,3,5,0,0,0,0,0,0,0,0,0,0,4,8,13,8,4,0,15,12,10,8,5,2,0,0,0,0,4,8,12,8,4,0,0,0,0,0,9,18,28,67,106,146,113,80,47,68,89,111,24,16,8,0,6,12,18,97,176,255,248,242,236,234,232,231,0,0,0,0,12,24,37,109,182,255,243,232,221,155,89,24,0,3,6,10,16,22,28,103,179,255,230,205,180,120,60,0,4,5,6,7,13,19,25,101,178,255,225,196,167,115,63,11,0,0,0,0,10,21,32,106,180,255,228,201,174,116,58,0,1,0,0,0,14,29,44,112,181,250,224,198,172,114,57,0,0,6,12,18,12,6,0,1,2,4,6,8,10,8,7,6,0,2,4,7,4,2,0,0,0,0,0,0,1,0,0,0,0,1,2,3,2,2,2,1,0,0,0,0,0,0,0,1,0,2,4,6,5,5,5,3,1,0,0,0,1,7,13,19,5,3,1,0,0,0,0,1,2,3,2,1,0,0,0,0
0,0,0,0,3,7,11,8,5,3,2,1,0,0,0,0,9,9,9,10,6,3,0,1,2,3,2,1,0,0,0,0,0,4,9,14,9,4,0,1,3,5,7,10,13,9,5,1,0,0,0,0,4,8,12,9,6,3,33,64,95,84,74,64,11,7,3,0,2,4,7,4,2,0,57,114,171,166,162,158,7,4,2,0,0,0,0,1,2,3,60,118,176,170,164,159,0,0,0,1,0,0,0,1,2,4,56,108,160,129,98,67,1,1,1,2,1,0,0,0,0,0,58,116,174,116,58,0,8,5,2,0,1,3,5,6,7,8,60,113,166,110,55,0,0,0,0,0,1,3,5,3,1,0,53,107,161,107,53,0,4,2,1,0,5,11,17,11,5,0,64,128,193,131,70,9,9,6,3,0,3,6,9,6,3,0,47,94,141,96,51,7,0,3,7,11,7,3,0,4,9,14,12,10,9,6,3,0,0,1,3,5,3,1,0,0,0,0,0,0,0,0,1,2,6,4,2,0,3,7,11,7,3,0,7,15,23,18,13,8,2,3,5,7,4,2,0,0,0,0,1,2,4,2,1,0
0,2,5,8,5,2,0,0,1,2,1,0,0,0,0,0,1,0,0,0,1,2,4,4,5,6,5,4,4,2,1,0,3,2,1,0,6,12,18,12,6,0,0,0,0,7,14,21,0,0,0,0,2,5,8,7,7,7,4,2,0,0,0,0,0,6,12,18,12,6,0,14,29,44,51,59,67,83,100,117,2,1,1,1,3,5,8,70,132,195,165,136,107,86,65,44,0,0,0,0,0,0,0,65,130,196,138,80,22,14,7,0,0,2,4,7,4,2,0,59,118,178,118,59,0,2,4,6,0,0,0,0,3,6,9,62,115,169,115,61,7,4,2,0,0,0,0,1,0,0,0,55,110,165,110,55,1,5,9,13,0,2,5,8,12,17,22,70,119,168,114,61,8,5,2,0,0,0,0,0,0,0,0,1,2,3,2,1,0,5,10,15,13,8,4,0,2,4,6,4,2,0,5,11,17,11,5,0,0,2,4,7,10,13,17,11,5,0,0,0,0,0,1,2,0,0,0,0,0,0,0,4,8,13,10,7,5,3,1,0,0,2,4,6,4,2,0,0,0,0,0,0,1,2,3,4
5,3,1,0,0,0,0,0,0,0,3,6,9,6,3,0,0,7,14,22,15,8,1,0,0,0,2,5,8,5,2,0,2,1,1,1,0,0,0,3,6,10,6,3,0,2,4,7,10,6,3,0,4,8,12,41,70,99,103,107,112,112,112,112,0,2,5,8,9,11,13,37,62,87,135,183,232,235,238,241,0,3,7,11,7,3,0,6,12,19,82,145,208,220,232,245,0,0,0,0,1,3,5,19,33,48,92,136,180,167,154,142,0,2,4,7,4,2,0,21,43,65,100,136,172,121,71,21,0,0,0,0,2,4,7,37,68,99,111,123,135,91,48,5,7,5,3,2,1,0,0,31,62,94,111,128,145,98,52,6,0,2,5,8,7,6,6,42,78,115,116,118,120,80,40,0,0,1,2,3,15,28,41,94,147,200,208,216,225,198,171,145,5,4,3,3,2,1,0,5,10,16,10,5,0,0,0,0,0,5,10,16,10,5,0,0,0,0,0,0,0,0,0,0,0,1,2,4,2,1,0,0,0,0,5,10,16,13,10,7,8,5,2,0,2,5,8,7,6,6,4,2,0,0,0,0
0,1,2,4,2,1,0,0,0,0,1,2,3,2,1,0,0,1,2,3,2,1,0,0,0,0,2,4,7,4,2,0,0,2,5,8,7,7,7,4,2,0,0,0,0,2,5,8,2,1,0,0,0,0,0,3,6,10,9,8,7,5,3,1,0,4,8,13,8,4,0,0,0,1,0,0,0,0,1,2,11,7,3,0,33,67,101,152,203,255,223,191,160,165,170,176,2,1,0,0,0,0,0,66,133,200,198,196,194,144,94,44,0,9,18,27,18,9,0,63,127,191,189,188,187,124,62,0,0,2,4,7,4,2,0,66,132,199,191,183,175,120,65,11,0,0,0,0,1,3,5,66,128,190,183,177,171,114,57,0,0,5,10,16,35,55,75,118,162,206,215,224,234,187,140,94,7,4,2,0,0,0,0,0,0,0,5,10,15,10,5,0,0,0,0,0,0,0,0,1,3,5,6,7,9,6,3,0,2,2,2,2,1,0,0,2,4,6,4,2,0,0,0,0,0,1,2,4,3,2,1,0,0,0,0,0,0,2,4,6,1,0,0,0,2,4,6,4,2,0,2,4,7,4,2,0
7,4,2,0,0,0,0,0,0,0,0,0,0,0,1,2,0,0,0,0,7,14,21,14,7,0,0,0,0,6,12,19,0,2,5,8,5,2,0,0,0,0,0,0,1,0,0,0,0,1,3,5,3,1,0,61,123,185,200,215,230,153,76,0,0,6,12,18,12,6,0,64,128,193,207,221,235,191,147,104,12,8,4,0,0,0,0,66,132,198,204,210,217,223,229,236,0,0,0,0,3,6,10,64,118,172,165,158,151,174,198,222,0,1,2,4,2,1,0,66,132,198,176,154,133,108,84,60,0,1,3,5,3,1,0,64,128,193,177,162,147,100,53,6,13,8,4,0,3,7,11,70,129,189,173,158,143,95,47,0,0,0,0,0,0,0,1,63,125,188,179,170,161,107,53,0,4,2,1,0,0,0,0,64,128,192,184,177,170,113,56,0,0,4,8,12,9,6,4,3,2,2,1,0,0,0,0,0,0,0,0,0,0,0,0,4,8,12,10,8,6,6,7,8,0,6,12,18,12,6,0,0,0,0,0,0,0,0,0,0,0,0,0,0,2,5,8,6,4,3,2,1,0,5,10,15
0,2,4,7,5,3,2,1,0,0,1,2,4,2,1,0,8,5,2,0,4,8,12,8,4,0,8,17,26,17,8,0,4,2,1,0,0,0,0,1,2,3,2,1,0,2,5,8,0,0,0,1,0,0,0,0,1,2,4,6,9,6,3,0,0,0,0,0,5,11,17,88,159,230,194,158,123,150,177,204,16,10,5,0,0,0,0,83,167,251,232,213,194,140,86,33,0,8,16,24,16,8,1,77,153,229,187,145,104,71,38,6,13,8,4,0,5,10,16,87,159,231,187,143,100,66,33,0,0,1,2,3,2,1,0,77,154,231,190,149,108,72,36,0,7,7,7,8,5,2,0,78,156,234,191,148,106,74,42,10,0,0,0,0,4,8,12,83,155,227,186,145,104,69,34,0,0,8,16,25,16,8,0,1,3,5,3,1,0,3,6,10,0,0,0,0,0,0,0,0,0,0,1,3,5,3,1,0,6,6,6,6,4,2,0,3,7,11,7,3,0,1,3,5,0,0,0,1,3,5,7,4,2,0,0,0,0,1,2,3,10,6,3,0,3,6,10,6,3,0,3,7,11,7,3,0
0,1,3,5,3,1,0,0,0,0,0,1,2,1,0,0,11,9,7,6,6,7,8,5,2,0,3,6,9,6,3,0,0,0,0,0,0,0,0,2,5,8,8,9,10,6,3,0,5,5,5,6,17,29,41,85,130,175,197,220,243,230,218,206,4,2,1,0,0,0,0,37,74,111,159,207,255,253,251,249,0,1,3,5,19,34,49,48,47,46,115,185,255,251,248,245,8,5,2,0,19,38,57,38,19,0,80,161,242,246,250,255,4,2,1,0,23,46,70,48,26,5,72,140,208,223,239,255,2,1,1,1,18,35,53,38,24,10,61,112,163,193,223,253,0,0,0,0,17,34,52,34,17,0,43,87,131,172,213,255,0,20,41,62,50,38,27,18,9,0,27,54,82,131,181,231,20,45,71,97,73,49,25,22,19,16,28,41,54,83,113,143,0,1,3,5,5,5,5,3,1,0,2,5,8,5,2,0,0,0,1,2,3,4,5,3,1,0,4,8,13,8,4,0,0,6,12,18,12,6,0,0,0,0,2,4,6,4,3,2,12,8,4,0,2,4,6,4,2,1,1,1,1,0,0,0
7,5,4,3,3,3,4,4,5,6,4,2,0,0,1,2,0,0,0,0,0,0,0,0,0,0,2,5,8,5,2,0,1,6,11,16,12,8,5,3,1,0,2,4,6,4,2,0,0,0,0,0,0,0,0,0,0,0,0,0,0,0,0,0,10,9,8,7,8,10,12,42,72,103,112,122,132,105,79,53,2,1,0,0,0,0,0,64,128,193,211,229,248,187,127,67,0,0,0,0,6,13,20,94,168,242,241,241,241,174,107,40,3,3,3,3,23,43,64,127,191,255,226,197,169,119,70,21,0,0,0,0,44,88,133,173,214,255,194,133,73,77,82,87,12,10,8,6,63,120,178,199,220,242,175,109,43,76,109,143,0,0,0,0,3,6,9,8,7,6,4,2,0,0,0,0,23,15,7,0,1,3,5,6,7,9,6,3,0,1,2,4,0,0,0,0,0,0,1,0,0,0,1,2,3,5,7,10,11,10,9,8,5,2,0,0,0,0,0,0,1,0,0,0,0,2,4,6,6,7,8,5,2,0,2,4,7,4,2,0,10,6,3,0,2,5,8,5,2,0,2,4,6,4,2,0
3,2,1,0,0,0,0,2,4,6,4,2,0,4,8,13,2,3,4,6,4,2,0,0,0,0,0,0,1,1,1,1,0,4,8,12,8,4,0,0,0,0,1,2,3,2,1,0,0,2,4,7,4,2,0,0,0,0,2,4,6,11,16,22,0,0,0,0,1,2,4,2,1,0,2,4,7,25,43,61,3,2,1,0,1,2,3,3,3,3,2,1,0,25,51,77,0,0,0,0,0,0,0,0,0,0,0,0,0,24,48,72,0,2,5,8,5,2,0,0,1,2,2,2,2,24,46,69,0,0,1,2,3,4,5,3,1,0,1,3,5,29,53,77,0,1,2,3,2,1,1,1,1,1,13,25,37,38,39,40,0,1,2,3,2,1,0,4,9,14,32,50,69,50,31,12,0,1,3,5,3,1,0,3,6,10,26,42,58,39,20,1,3,5,7,9,6,3,0,0,0,0,5,10,15,10,5,0,0,2,4,6,4,2,1,0,0,0,0,0,0,1,2,4,0,1,2,4,2,1,0,1,2,4,2,1,0,1,3,5,4,5,6,7,4,2,0,1,2,3,3,4,5,3,1,0
0,0,0,0,1,3,5,3,1,0,0,0,1,0,0,0,0,1,2,3,4,6,8,5,2,0,0,0,0,1,2,3,8,5,2,0,0,0,0,0,0,0,0,0,0,1,3,5,8,5,2,0,0,0,0,2,4,7,4,2,0,1,2,4,0,0,0,0,3,6,9,7,5,3,2,1,0,9,19,29,0,1,3,5,6,7,9,6,3,0,0,0,1,29,58,87,2,1,0,0,0,0,0,0,0,0,4,9,14,43,72,102,2,1,0,0,0,1,2,2,3,4,3,2,2,23,44,65,0,3,7,11,7,4,1,0,0,0,0,0,0,30,60,91,6,4,2,0,3,7,11,7,3,0,15,31,47,46,46,46,9,6,3,0,4,8,12,8,4,0,19,38,58,41,25,9,0,1,2,4,2,1,0,0,0,0,5,10,16,11,6,1,0,4,8,13,8,4,0,0,0,0,0,0,0,0,0,0,0,0,0,0,0,0,0,1,2,4,4,4,4,2,1,0,3,2,1,0,0,1,2,3,4,6,6,6,7,4,2,0,1,0,0,0,0,0,0,1,2,4,2,1,0,4,8,13
0,0,0,0,0,0,0,2,4,7,4,2,0,2,4,7,0,0,0,0,0,0,0,0,0,0,0,0,0,0,0,0,2,2,2,3,3,3,4,2,1,0,3,6,9,6,3,1,0,0,0,0,0,0,1,2,3,4,44,84,124,129,134,139,0,0,0,0,0,0,0,3,6,10,87,165,243,246,249,252,4,5,7,9,6,3,1,0,0,0,83,166,250,235,220,206,0,2,5,8,7,6,6,4,2,0,79,158,237,202,168,134,0,1,2,4,2,1,0,1,2,3,85,167,249,200,151,102,0,0,0,1,0,0,0,1,2,3,84,166,248,200,152,104,0,3,7,11,10,10,10,6,3,0,81,162,243,204,166,128,4,2,1,0,0,0,0,0,0,0,79,159,239,200,161,123,6,6,6,7,4,2,0,3,6,10,89,169,249,209,170,131,7,4,2,0,4,9,14,11,8,5,3,1,0,0,0,0,0,3,6,9,6,4,2,1,0,0,0,0,0,4,8,13,0,0,0,1,0,0,0,0,0,0,0,0,0,0,0,1,0,1,3,5,4,3,2,1,0,0,0,1,2,1,0,0
0,2,5,8,5,2,0,0,0,0,1,3,5,3,1,0,6,4,2,0,6,12,18,12,6,0,4,8,12,8,4,0,17,11,5,0,1,3,5,3,1,0,0,0,0,0,0,0,0,1,2,3,2,1,0,2,4,7,8,9,11,11,11,12,0,3,6,10,8,6,5,3,1,0,3,6,10,42,74,107,0,0,0,0,0,0,0,0,1,2,8,14,21,99,177,255,3,4,5,6,4,2,0,2,5,8,5,2,0,84,168,253,0,0,0,0,2,4,6,4,2,0,11,22,34,107,180,254,0,0,0,1,2,3,4,2,1,0,5,10,16,95,175,255,0,2,5,8,5,2,0,3,6,10,13,16,20,96,172,249,0,3,6,9,6,3,0,0,0,0,13,26,39,108,177,247,2,1,0,0,5,10,16,14,13,12,8,4,0,0,0,0,2,1,0,0,0,0,1,0,0,0,0,0,1,1,2,3,10,6,3,0,0,0,0,4,8,12,10,8,7,4,2,0,0,4,9,14,13,13,13,8,4,0,0,0,0,2,4,7,5,3,1,0,2,4,7,4,2,0,3,7,11,7,3,0
0,3,7,11,7,3,0,2,4,6,5,5,5,3,1,0,0,1,3,5,3,1,0,0,0,0,0,0,0,4,8,13,3,4,6,8,5,2,0,4,8,13,8,4,0,0,0,0,0,0,0,0,0,0,0,8,16,24,41,58,75,69,63,57,9,6,3,0,7,14,21,27,34,41,108,175,242,245,249,253,0,0,0,0,0,0,0,15,31,47,116,185,255,255,255,255,1,3,5,7,4,2,0,21,43,65,124,183,242,209,177,145,11,7,3,0,5,10,15,23,32,41,112,183,255,198,141,85,3,2,1,0,0,0,0,18,36,54,119,184,249,197,145,94,0,3,6,10,8,7,6,17,28,40,111,183,255,196,137,78,3,2,1,0,0,0,0,15,31,47,116,185,255,200,145,91,0,5,10,16,13,11,9,24,39,55,117,179,242,195,149,103,17,11,5,0,0,0,0,0,0,0,5,11,17,11,5,0,0,1,3,5,5,5,5,5,6,7,5,3,2,1,0,0,9,6,3,0,2,4,7,7,7,7,4,2,0,0,1,2,5,3,1,0,5,10,16,10,5,0,1,3,5,3,1,0
6,4,2,0,0,0,0,2,4,7,4,2,0,0,0,0,0,3,6,10,6,3,0,0,0,0,6,12,19,12,6,0,0,2,4,6,4,2,0,0,0,0,4,9,14,9,4,0,11,7,3,0,0,0,0,0,0,0,0,0,0,1,3,5,0,0,0,0,1,2,4,9,14,20,20,20,20,39,59,79,4,2,1,0,0,0,0,0,0,0,11,22,34,107,181,255,2,1,0,0,3,6,9,7,5,3,11,19,27,103,179,255,0,1,2,4,2,1,0,0,0,0,17,35,53,115,177,239,1,0,0,0,0,0,1,0,0,0,9,19,29,104,179,255,3,2,2,2,1,1,1,2,3,4,17,31,45,114,183,252,2,3,4,6,4,2,0,0,0,0,19,38,58,121,184,247,0,0,1,2,5,8,12,14,16,19,12,6,0,0,0,0,0,0,1,2,1,0,0,0,0,0,0,0,0,2,4,7,10,6,3,0,0,0,0,3,6,10,10,10,10,6,3,0,0,5,10,15,15,15,15,10,5,0,0,0,0,3,6,9,3,3,3,3,2,1,0,0,0,0,0,0,1,3,5,8
6,4,2,0,0,0,0,2,4,7,4,2,0,3,7,11,0,0,0,0,2,4,7,4,2,0,0,0,0,0,0,0,0,4,8,12,9,7,5,3,1,0,3,7,11,8,5,3,0,1,2,4,3,2,1,0,0,0,1,2,4,37,70,104,4,2,1,0,0,1,2,5,8,11,7,3,0,77,155,233,0,2,4,6,4,2,0,2,4,7,4,2,0,84,169,254,0,6,13,20,13,6,0,0,0,0,2,4,7,81,156,231,0,0,0,0,0,0,0,4,8,12,8,4,0,85,170,255,0,0,0,0,1,3,5,3,2,1,0,0,0,84,168,253,8,6,4,3,2,1,0,0,0,0,5,11,17,85,154,223,0,0,0,0,3,6,10,6,3,0,0,0,0,84,169,254,14,9,4,0,0,0,1,0,0,0,1,2,3,81,159,238,0,0,0,0,0,1,2,2,3,4,2,1,0,0,0,0,14,10,7,4,2,1,0,1,2,3,5,8,11,7,3,0,0,0,0,0,2,4,6,4,2,0,0,0,0,6,12,19,3,2,2,2,1,0,0,0,0,0,3,6,10,6,3,0
0,1,2,3,2,1,1,0,0,0,0,0,0,4,8,12,0,0,0,0,0,1,2,3,4,6,5,4,3,2,1,0,4,4,4,4,2,1,0,0,0,0,0,0,0,1,2,3,0,0,0,0,0,0,1,2,3,4,2,1,0,4,8,13,6,4,2,0,0,0,0,0,1,2,1,0,0,19,39,59,0,1,2,4,2,1,0,0,0,0,13,26,40,108,177,246,0,3,6,9,7,5,4,2,1,0,9,19,29,104,179,255,7,4,2,0,0,0,0,5,10,16,19,22,26,97,169,241,11,7,4,1,0,0,0,0,0,0,14,28,42,109,176,244,0,0,0,0,1,3,5,5,6,7,8,9,11,92,173,255,24,20,17,14,9,4,0,1,3,5,14,23,33,102,172,242,0,2,4,6,4,3,2,2,2,3,2,1,0,7,15,23,6,4,3,2,1,0,0,0,0,0,6,13,20,13,6,0,6,4,2,0,0,1,2,1,0,0,2,4,7,7,7,8,4,2,1,0,1,3,5,3,1,0,0,0,1,5,9,13,0,2,5,8,5,2,0,1,2,3,4,6,8,5,2,0
0,3,6,9,7,5,3,2,1,0,4,8,12,8,4,0,4,2,1,0,1,2,4,2,1,0,2,4,7,7,8,9,0,0,0,0,3,7,11,7,3,0,0,0,0,0,0,0,0,0,0,0,0,1,2,2,2,3,2,1,0,5,10,16,8,5,2,0,0,0,0,0,0,0,3,7,11,53,96,139,0,0,0,0,2,4,7,4,2,0,0,0,0,72,144,217,0,0,0,0,5,10,16,10,5,0,4,8,12,69,126,184,3,2,1,0,0,0,0,1,3,5,27,49,71,92,113,135,6,4,2,0,0,0,0,3,7,11,53,96,139,114,90,66,1,2,3,5,6,7,8,5,2,0,63,126,190,139,89,39,8,5,2,0,0,0,0,0,0,0,71,143,215,144,73,2,0,0,0,1,3,6,9,25,41,57,98,139,180,125,70,16,3,3,4,5,3,1,0,0,0,0,0,0,0,0,0,0,4,2,1,0,2,5,8,9,10,11,7,3,0,1,2,3,10,6,3,0,0,0,0,1,2,3,3,3,4,2,1,0,0,6,12,18,12,6,0,0,0,0,2,4,6,6,6,6
4,2,1,0,2,4,7,5,4,3,2,1,0,0,0,0,1,0,0,0,1,2,4,2,1,0,0,1,2,2,3,4,0,1,2,4,5,6,8,5,2,0,0,0,0,1,2,4,0,1,2,4,3,3,3,2,1,0,1,2,4,2,1,0,7,4,2,0,0,0,0,0,0,0,4,8,13,8,4,0,1,0,0,0,0,0,0,0,0,0,1,2,3,2,1,0,0,0,0,0,2,5,8,5,2,0,0,0,0,3,6,10,6,4,2,0,2,4,6,4,2,0,2,4,7,11,15,19,3,2,1,0,7,14,21,14,7,0,0,0,0,35,70,105,11,7,3,0,0,0,0,0,0,0,6,12,18,48,78,109,0,1,3,5,6,8,10,6,3,0,0,0,0,2,4,7,0,0,0,0,0,0,0,0,0,1,1,2,3,2,1,0,10,6,3,0,0,0,0,0,0,0,2,4,7,8,9,11,1,0,0,0,3,6,9,8,7,6,4,2,0,0,0,0,0,0,0,0,0,0,0,0,0,0,1,2,3,4,6,8,0,2,5,8,5,2,0,0,0,0,2,4,6,4,2,0
0,2,5,8,5,2,0,0,0,0,2,4,7,4,2,0,0,0,0,0,3,6,9,6,3,0,0,0,0,0,0,1,7,4,2,0,1,3,5,3,2,1,5,9,14,9,4,0,1,0,0,0,0,0,0,1,2,3,52,102,152,142,132,123,0,3,6,9,6,3,0,0,0,0,85,170,255,255,255,255,6,4,2,0,1,2,3,2,1,1,82,164,246,243,240,237,5,3,1,0,0,0,0,2,5,8,86,164,242,219,196,174,0,3,7,11,7,3,0,0,0,0,85,170,255,221,187,154,0,1,2,4,2,1,0,3,7,11,91,171,251,219,188,157,4,2,1,0,0,0,0,0,0,0,85,170,255,227,199,171,1,0,0,0,0,0,0,0,0,0,83,166,249,224,199,175,0,5,11,17,11,5,0,2,4,6,87,168,249,224,199,175,5,3,1,0,2,5,8,7,6,5,3,1,0,0,0,0,0,4,9,14,10,6,2,1,0,0,0,0,0,3,7,11,0,4,9,14,9,4,0,0,0,0,0,0,0,1,3,5,4,3,2,1,0,0,0,1,2,4,9,14,19,12,6,0
5,3,1,0,0,0,0,6,12,19,12,6,0,0,0,0,0,2,4,6,8,10,13,8,4,0,0,0,0,5,10,15,0,1,3,5,4,3,2,1,0,0,3,6,9,6,3,0,9,6,3,0,0,0,0,2,4,6,4,2,0,0,1,2,0,0,0,0,3,6,10,6,3,0,6,13,20,57,95,133,5,3,1,0,0,0,0,0,0,0,9,18,28,103,179,255,0,2,4,7,4,2,0,10,20,31,29,27,25,97,169,242,9,8,7,7,4,2,0,0,0,0,10,20,31,105,180,255,0,1,2,3,2,1,0,2,4,7,10,13,16,95,175,255,11,7,3,0,0,0,0,6,12,19,29,39,49,112,175,239,0,3,6,9,6,3,0,0,0,0,15,30,45,114,184,254,5,3,1,0,5,10,15,14,13,12,8,4,0,0,0,0,7,4,2,0,1,2,4,2,1,0,0,0,0,1,3,5,3,2,1,0,0,1,2,1,0,0,3,6,9,6,3,0,0,0,0,0,1,3,5,5,5,6,6,6,6,4,2,0,8,5,2,0,0,0,0,0,0,0,0,0,1,0,0,0
8,5,2,0,0,0,0,0,0,0,1,2,4,3,2,2,0,6,12,19,13,7,1,0,0,0,0,0,1,0,0,0,2,1,0,0,0,0,0,2,4,6,4,2,0,3,6,9,11,7,3,0,0,0,0,0,0,0,39,78,117,85,54,23,0,0,1,2,1,0,0,1,3,5,67,130,193,173,154,135,0,2,4,7,4,2,0,1,3,5,58,112,166,157,149,141,0,4,8,13,8,4,0,0,0,0,61,122,183,122,61,0,3,2,1,0,3,6,9,6,3,0,56,113,170,115,60,5,0,2,5,8,7,6,6,4,2,0,61,122,184,122,61,0,0,0,0,0,3,6,10,6,3,0,58,116,175,116,58,0,13,9,6,3,2,1,0,0,0,0,58,117,176,117,58,0,0,0,0,0,1,3,5,7,10,13,58,103,149,102,55,8,10,6,3,0,4,9,14,9,4,0,3,6,10,6,3,0,0,0,0,0,3,6,10,7,4,2,1,0,0,3,6,10,9,8,8,8,5,2,0,0,0,0,2,4,6,5,4,4,0,1,2,4,4,4,4,3,2,2,1,0,0,0,0,0
0,1,2,3,2,1,1,2,4,6,4,3,2,1,1,1,13,8,4,0,0,0,0,1,2,3,2,1,0,0,0,1,0,4,9,14,10,6,2,1,1,1,3,5,8,5,2,0,15,10,5,0,0,0,0,1,2,4,2,1,0,4,8,12,0,2,5,8,5,3,1,4,8,12,9,7,5,18,32,46,0,3,6,9,7,6,5,3,1,0,0,0,0,70,140,211,15,10,5,0,0,0,0,3,6,9,13,17,21,75,129,183,0,0,0,0,2,5,8,9,10,12,8,4,0,62,124,186,1,2,3,4,2,1,0,0,0,0,1,2,4,54,105,156,0,0,0,0,2,4,7,5,3,1,1,2,3,66,129,192,0,0,0,0,1,2,3,2,1,0,1,3,5,50,95,140,0,1,3,5,3,1,0,0,0,0,3,7,11,14,17,21,3,4,6,8,5,2,0,0,0,0,1,3,5,3,1,0,0,0,0,0,2,4,6,4,2,0,0,0,0,3,7,11,0,0,0,0,0,1,2,1,0,0,0,0,0,4,9,14,10,6,3,0,0,0,0,1,3,5,8,11,15,10,5,0
0,2,5,8,5,2,0,0,0,0,0,0,0,0,0,0,0,2,4,7,5,4,3,5,7,9,8,7,6,5,4,4,8,5,2,0,0,0,0,0,1,2,2,2,2,2,2,2,0,0,0,0,0,0,0,12,24,37,54,71,88,97,107,117,0,3,6,9,9,9,10,14,19,24,60,97,134,166,198,230,3,2,1,0,0,0,0,0,0,0,30,61,92,125,158,191,5,3,1,0,1,2,4,5,7,9,36,64,92,107,123,139,3,2,1,0,2,4,7,4,2,0,30,60,91,108,126,144,6,4,2,0,0,0,0,0,0,0,35,71,107,120,134,148,0,3,6,10,13,16,20,13,6,0,31,62,93,106,120,134,5,3,1,0,0,0,0,1,2,4,41,78,115,120,126,132,7,5,3,1,1,1,2,12,22,32,80,129,178,196,215,234,11,7,3,0,0,0,0,0,0,0,5,10,15,10,5,0,0,0,0,0,3,6,9,6,3,0,0,0,0,0,0,1,15,10,5,0,0,0,0,4,9,14,9,4,0,0,0,0,0,0,0,0,0,0,0,2,4,6,4,2,0,4,8,12
0,1,3,5,5,6,7,4,2,0,0,0,0,3,6,9,17,11,5,0,0,0,0,5,10,16,10,5,0,0,0,0,0,0,0,1,0,0,0,0,0,0,0,1,2,1,0,0,0,7,14,22,18,15,12,8,4,0,2,5,8,5,2,0,17,11,5,0,0,0,0,0,0,0,0,0,0,4,8,13,0,4,8,13,9,6,3,2,1,0,36,72,108,145,182,220,14,9,4,0,3,7,11,9,7,6,4,2,0,70,141,212,0,0,0,1,0,0,0,0,0,0,0,0,0,64,129,194,0,2,4,6,4,2,0,1,2,3,2,1,0,64,128,193,0,5,10,15,12,9,7,4,2,0,2,4,6,64,122,180,12,8,4,0,0,0,0,1,2,3,29,55,81,130,179,229,0,0,0,0,3,6,9,6,3,0,0,0,0,0,0,0,9,7,5,3,4,6,8,7,6,6,5,4,4,2,1,0,0,0,0,0,0,0,0,0,0,0,0,0,0,0,0,1,4,5,6,7,5,3,1,0,0,0,0,0,0,3,6,10,1,0,0,0,0,0,0,3,6,9,6,3,0,0,0,0
0,1,2,4,2,1,0,0,0,0,0,0,0,2,4,7,0,4,8,12,8,4,0,0,0,0,3,6,10,6,3,0,5,3,1,0,1,2,3,3,3,3,2,1,0,0,0,0,0,5,11,17,11,5,0,2,4,6,66,126,186,194,202,210,0,4,8,12,8,4,0,0,0,0,62,125,188,207,227,247,18,12,6,0,5,10,15,16,17,19,72,126,180,197,214,232,0,0,0,0,3,6,10,6,3,0,59,118,178,171,165,159,6,6,6,7,4,2,0,0,0,0,69,138,207,183,160,137,0,1,2,4,4,4,5,3,1,0,61,122,184,173,163,153,10,6,3,0,0,0,0,2,5,8,69,130,191,181,172,163,0,3,6,9,6,3,0,0,0,0,66,132,198,187,177,167,0,5,10,15,10,5,0,3,6,9,69,130,191,183,175,167,0,0,0,0,3,6,10,6,3,0,0,0,0,0,0,0,11,7,3,0,0,0,0,1,2,4,2,1,0,2,4,6,0,1,3,5,3,1,0,0,0,0,1,2,4,2,1,0,4,2,1,0,0,0,0,4,8,13,8,4,0,0,0,0
0,1,2,4,3,2,2,1,0,0,0,1,2,1,0,0,5,3,1,0,0,0,0,8,17,26,17,8,0,0,0,0,16,10,5,0,2,5,8,5,2,0,0,0,0,3,6,9,1,0,0,0,4,9,14,9,4,0,6,12,18,12,6,0,0,10,20,30,20,10,0,0,0,0,1,2,3,78,153,229,0,1,2,4,2,1,0,3,7,11,8,6,4,81,158,235,7,5,3,2,4,7,10,6,3,0,0,0,0,80,161,242,0,0,0,0,0,0,0,3,6,10,9,8,7,79,152,225,0,0,0,0,0,1,2,1,0,0,1,2,3,82,161,241,0,4,8,12,8,4,1,3,6,9,6,3,0,72,145,218,1,4,8,12,8,4,0,0,0,0,6,12,18,87,157,227,0,0,0,0,5,10,15,15,15,15,10,5,0,0,0,0,0,0,0,0,3,6,10,6,3,0,0,0,0,0,0,0,14,9,4,0,0,0,0,5,10,16,12,9,6,4,2,0,0,4,8,12,10,8,6,4,2,0,0,0,0,4,9,14,0,0,0,0,4,9,14,9,4,0,2,4,7,4,2,0
0,2,5,8,6,4,2,2,2,2,1,1,1,1,1,1,1,1,1,1,0,0,0,0,0,1,2,4,6,4,2,0,0,1,2,4,6,8,10,13,16,19,12,6,0,0,0,0,17,11,5,0,0,0,0,10,20,30,58,87,116,160,205,250,0,0,0,0,3,6,10,6,3,0,21,42,64,94,124,155,5,7,10,13,10,8,6,4,2,0,21,42,64,54,44,34,0,0,0,0,0,0,0,7,15,23,32,42,52,34,17,0,0,0,0,0,2,5,8,26,44,62,42,22,3,2,1,0,0,0,0,1,1,1,1,24,47,70,48,27,6,4,2,0,4,2,1,0,0,0,0,17,34,52,34,17,0,1,3,5,12,8,4,0,8,17,26,36,47,58,39,21,3,7,11,15,0,8,17,26,48,70,93,89,86,83,59,35,11,7,3,0,5,3,1,0,1,2,4,2,1,0,0,1,2,3,4,5,0,2,5,8,8,8,9,6,3,0,1,3,5,3,1,0,0,0,1,2,1,0,0,0,0,0,4,8,13,8,4,0,3,2,1,0,0,0,0,0,0,0,0,0,0,0,0,0
0,1,2,3,2,2,2,1,0,0,0,0,0,5,11,17,7,4,2,0,1,3,5,3,2,1,0,0,0,1,2,3,1,0,0,0,0,0,0,2,4,6,6,6,6,4,2,0,0,3,6,10,6,3,0,0,0,0,5,10,16,10,5,0,0,2,5,8,5,2,0,0,0,0,4,8,13,38,63,89,2,1,0,0,2,4,7,4,2,0,0,0,0,67,134,202,7,4,2,0,0,0,1,0,0,0,1,2,3,80,157,235,0,1,2,4,2,1,0,4,8,12,30,48,67,129,192,255,2,1,0,0,1,3,5,3,1,0,50,100,151,183,215,248,0,8,16,25,16,8,0,0,0,0,71,143,215,221,227,234,4,2,1,0,4,8,12,13,15,17,11,5,0,1,2,3,8,8,8,8,5,2,0,0,0,0,1,2,3,4,6,8,0,0,0,0,1,2,4,2,1,0,0,0,0,0,0,0,18,12,6,0,0,0,0,0,0,1,0,0,0,0,0,0,0,0,0,0,0,0,1,5,9,14,9,5,1,0,0,0,0,3,6,9,6,4,2,1,0,0,0,0,0,2,4,6
0,1,2,4,3,3,3,2,1,0,4,9,14,9,4,0,0,0,0,0,1,2,4,3,2,2,1,0,0,6,12,19,7,5,3,2,1,0,0,7,14,21,14,7,0,0,0,0,0,0,0,1,3,6,9,6,3,0,6,13,20,14,8,3,0,0,0,0,3,6,9,9,9,10,6,3,0,4,8,13,0,1,3,5,4,3,3,2,1,0,0,0,0,27,54,81,1,4,7,11,7,3,0,3,7,11,12,13,14,32,51,70,1,0,0,0,5,10,16,10,5,0,0,0,0,25,51,77,8,5,2,0,0,0,0,0,0,0,20,41,62,50,38,27,0,1,2,4,3,3,3,4,5,6,20,34,49,47,45,44,0,3,7,11,7,3,0,1,2,3,5,8,11,25,40,55,0,0,0,0,0,0,0,1,3,5,6,8,10,33,56,79,5,3,1,0,1,3,5,3,1,0,0,0,0,3,6,9,2,1,0,0,4,8,12,9,6,3,4,5,6,4,3,2,7,4,2,0,2,4,6,4,2,0,0,0,0,0,0,0,0,0,0,0,1,2,3,2,1,0,1,3,5,7,10,13
0,0,0,0,0,0,0,3,6,10,6,3,0,0,0,0,6,4,2,1,0,0,0,1,2,4,4,4,4,2,1,0,0,4,8,12,8,4,0,0,0,0,3,6,9,6,4,2,0,1,2,3,3,4,5,3,1,0,0,1,2,2,2,2,4,2,1,0,2,4,6,6,6,6,4,2,0,1,2,3,5,3,1,0,3,7,11,7,3,0,0,0,0,17,35,53,1,0,0,0,3,6,10,6,3,0,6,12,18,38,58,78,6,4,2,0,0,0,0,2,4,7,17,28,39,38,38,38,0,0,0,0,1,2,4,3,2,2,30,59,88,63,38,14,2,9,16,23,15,7,0,0,0,0,8,16,24,28,33,38,0,5,11,17,11,5,0,3,7,11,11,12,13,37,62,87,4,3,2,2,1,0,0,0,0,0,0,0,0,2,5,8,6,4,2,0,1,2,3,4,5,6,7,8,9,6,3,0,0,0,0,0,0,0,1,1,2,3,2,1,0,0,0,0,0,0,0,0,0,0,0,0,0,0,0,0,0,2,4,7,4,2,1,0,1,2,3,2,1,0,4,8,13,8,4,0
0,2,4,6,4,3,2,1,0,0,0,0,0,0,1,2,0,1,2,3,2,1,0,1,2,4,5,7,9,6,3,0,4,6,9,12,8,4,0,1,3,5,3,1,0,0,0,0,3,2,1,0,0,0,0,3,6,10,6,3,0,20,40,61,0,7,14,21,24,27,30,20,10,0,29,58,88,139,190,241,7,4,2,0,0,0,0,2,4,6,79,153,227,218,210,202,0,5,11,17,11,6,1,18,36,54,121,188,255,211,168,125,0,0,1,2,1,0,0,26,52,78,136,194,253,194,135,77,11,7,3,0,0,0,0,21,43,65,126,187,249,194,139,84,0,3,6,9,10,11,13,17,22,27,101,176,251,225,199,174,4,2,1,0,0,0,0,0,0,0,52,105,158,190,222,255,0,2,4,6,10,15,20,13,6,0,0,0,0,44,89,134,1,2,3,4,2,1,0,3,7,11,10,9,8,5,2,0,6,4,3,2,1,0,0,0,0,0,2,4,7,4,2,0,0,0,0,0,5,10,15,10,5,0,0,0,0,8,16,24,6,4,2,0,0,0,0,2,4,6,4,2,0,2,4,6
0,2,5,8,7,6,5,3,1,0,0,0,1,2,3,5,9,6,3,0,2,4,6,5,5,5,4,3,3,2,1,0,8,5,2,0,1,3,5,3,1,0,1,3,5,4,4,4,0,4,8,12,9,6,4,2,1,0,2,4,7,4,2,0,0,4,8,12,8,4,0,0,0,0,0,0,0,9,19,29,7,5,3,2,1,0,0,0,0,0,2,4,6,59,113,167,0,0,0,0,4,8,13,11,10,9,26,43,61,125,190,255,9,6,3,0,0,0,0,0,0,0,31,63,95,148,201,255,0,2,4,7,4,2,0,3,6,10,37,64,91,144,197,250,6,4,2,0,1,2,4,2,1,0,4,8,13,83,153,223,4,2,1,0,3,6,9,10,11,12,8,4,0,25,51,77,1,3,5,8,5,2,0,0,0,0,6,13,20,13,6,0,0,2,5,8,6,4,3,2,1,0,0,0,0,0,0,0,3,2,1,0,0,0,0,3,6,10,7,4,2,7,12,17,0,4,9,14,11,8,6,4,2,0,0,0,0,1,2,3,10,6,3,0,0,0,0,2,5,8,9,10,11,7,3,0
2,1,0,0,1,2,4,3,2,2,1,0,0,0,0,0,0,6,12,18,14,11,8,5,2,0,2,4,6,4,2,0,6,8,10,12,8,4,0,0,0,0,5,10,15,10,5,0,3,2,1,1,4,7,11,8,5,2,1,0,0,3,7,11,0,0,0,0,4,8,13,8,4,0,25,50,75,125,175,226,0,1,2,3,2,1,0,7,14,21,83,146,209,216,224,232,9,7,5,3,2,1,0,26,53,80,138,196,255,216,177,139,0,0,0,0,1,3,5,45,85,126,169,212,255,191,127,64,9,6,3,0,0,0,0,38,76,115,160,205,251,193,136,79,0,5,10,16,10,5,0,19,39,59,124,189,255,221,187,153,14,10,7,4,2,1,0,0,1,2,64,126,188,210,232,255,0,0,0,0,9,18,27,18,9,0,2,5,8,55,103,151,6,4,2,0,0,0,0,3,6,10,6,3,0,1,3,5,8,10,13,16,10,5,0,1,2,4,5,7,9,6,3,0,0,1,2,4,5,6,7,4,2,0,0,0,0,0,0,0,8,5,2,0,0,0,0,0,0,0,2,4,7,4,2,0
0,8,16,24,16,8,0,0,0,0,0,0,1,0,0,0,2,1,0,0,0,0,0,5,11,17,12,7,3,2,1,0,8,5,2,0,0,0,0,0,0,0,0,0,0,1,2,3,0,2,4,6,5,4,4,2,1,0,2,5,8,5,2,0,0,3,6,9,6,3,0,0,0,0,0,0,0,1,2,3,0,0,0,0,0,0,0,1,2,4,10,17,24,75,127,179,0,0,0,1,3,5,7,4,2,0,21,42,63,121,180,239,0,0,1,2,1,0,0,2,4,6,46,86,126,169,212,255,0,6,12,18,12,6,0,0,0,0,43,86,130,171,213,255,0,0,0,0,0,1,2,1,0,0,14,28,43,110,178,246,4,3,2,1,0,0,0,1,3,5,3,1,0,31,63,95,0,3,6,10,6,3,0,0,0,1,6,11,17,12,7,2,0,0,0,0,3,6,9,6,3,0,0,0,0,0,0,0,17,11,5,0,0,0,0,0,0,0,0,0,0,1,2,3,0,4,8,13,13,13,13,8,4,0,0,0,0,2,5,8,1,2,3,5,3,1,0,0,1,2,1,0,0,3,6,9
0,3,6,9,6,3,0,0,1,2,8,14,21,14,7,0,0,0,0,0,7,14,22,14,7,0,0,0,0,4,8,12,0,0,0,0,0,0,0,3,7,11,13,15,17,11,5,0,2,8,14,20,14,8,2,1,0,0,4,9,14,9,4,0,0,0,0,0,0,0,0,6,12,19,12,6,0,39,79,119,10,6,3,0,0,0,0,0,0,0,7,14,21,97,173,250,0,0,0,1,0,0,0,4,8,13,27,42,57,121,185,249,4,2,1,0,3,6,9,6,3,0,25,51,77,129,181,234,2,1,0,0,0,0,1,0,0,0,24,49,74,132,190,249,4,2,1,0,3,7,11,12,14,16,23,31,39,105,171,237,0,10,20,31,20,10,0,0,0,0,1,2,4,79,155,231,3,2,1,0,0,0,0,7,14,21,14,7,0,16,32,49,16,10,5,0,5,10,16,10,5,0,0,0,0,0,1,2,8,5,2,0,0,0,0,0,0,0,0,0,0,3,6,9,0,3,7,11,7,3,0,3,6,10,8,6,5,3,1,0,14,9,4,0,3,6,10,6,3,0,1,3,5,3,1,0
0,0,0,0,2,4,6,4,2,0,0,0,0,0,1,2,0,2,4,6,4,2,0,0,1,2,9,17,25,16,8,0,5,5,6,7,4,2,0,0,0,0,0,0,0,3,7,11,0,0,0,0,5,10,16,12,9,6,4,2,0,0,1,2,0,0,0,0,0,0,0,0,0,1,1,1,2,1,0,0,0,1,3,5,3,1,0,1,3,5,12,19,27,74,121,169,6,6,7,8,7,7,7,4,2,0,10,21,32,101,170,240,7,4,2,0,2,4,6,4,2,0,36,72,109,142,176,210,9,6,3,0,0,0,0,0,0,0,34,69,104,135,167,199,0,0,0,0,1,2,4,9,14,20,21,23,25,100,175,251,0,7,14,21,14,7,0,0,0,0,6,12,18,47,76,106,3,2,1,0,5,10,15,10,5,0,0,0,0,0,0,0,0,8,16,24,16,8,0,1,2,3,5,7,9,10,12,14,3,2,1,0,6,12,19,12,6,0,0,0,0,0,0,0,14,9,4,0,2,4,7,6,6,6,6,7,8,11,14,17,0,3,6,9,6,3,0,0,0,0,0,0,0,0,0,1
5,3,1,0,0,0,0,0,0,0,0,0,0,3,6,9,0,1,3,5,6,7,8,5,2,0,4,8,13,8,4,0,3,2,1,1,1,1,2,1,0,0,0,1,2,1,0,0,0,0,0,0,0,0,1,4,7,10,6,3,0,0,0,0,1,0,0,0,0,0,0,3,6,10,6,3,0,6,13,20,0,3,7,11,11,11,12,8,4,0,4,9,14,75,136,198,10,6,3,0,4,9,14,16,19,22,51,80,110,122,134,147,6,4,2,0,0,0,0,0,0,0,74,148,222,162,102,42,0,3,6,10,9,8,7,7,8,9,90,172,254,173,93,13,3,2,1,0,1,3,5,5,5,6,86,166,246,179,112,45,0,5,10,15,10,5,0,0,0,0,59,119,179,169,160,151,0,0,0,0,0,0,1,4,7,11,16,21,26,80,135,190,0,1,2,4,5,7,9,6,3,0,0,0,0,2,4,6,7,4,2,0,0,0,0,5,10,15,12,9,7,4,2,0,0,9,18,28,18,9,0,3,6,9,6,3,0,2,4,7,15,10,5,0,1,2,4,2,1,0,0,0,0,3,6,10
5,3,1,0,2,4,7,6,5,5,3,1,0,0,0,0,0,7,15,23,15,7,0,0,0,0,0,0,0,1,2,3,0,0,1,2,5,8,12,8,4,0,3,7,11,7,3,0,1,1,1,1,0,0,0,4,8,12,11,10,9,6,3,0,5,3,1,0,0,0,0,3,7,11,7,3,0,8,16,25,1,3,5,7,4,2,0,0,0,0,3,7,11,7,3,0,0,0,0,1,0,0,0,4,9,14,9,4,0,10,21,32,0,1,2,3,3,4,5,3,1,0,0,0,0,43,86,129,1,1,1,1,1,2,3,3,3,4,6,8,11,46,81,117,3,2,1,0,1,2,3,2,1,0,0,0,0,33,66,99,0,0,0,0,6,12,19,12,6,0,0,0,0,0,0,0,12,8,4,0,0,0,0,0,0,0,1,2,3,2,1,0,0,0,0,1,0,0,0,3,6,9,6,3,0,0,0,0,0,2,4,6,4,2,0,1,2,4,2,1,0,1,3,5,3,2,1,0,0,0,0,2,5,8,6,5,4,5,6,8,11,7,3,0,1,2,4,2,1,0,0,0,0,0,0,0
11,7,3,0,1,2,4,5,6,7,4,2,0,0,0,1,0,5,10,16,12,8,5,3,1,0,2,5,8,7,6,6,0,3,7,11,7,3,0,0,0,0,3,6,10,6,3,0,11,7,3,0,2,4,7,4,2,0,0,0,0,15,30,45,0,0,0,0,3,6,10,6,3,0,36,73,110,155,200,245,6,4,2,1,0,0,0,1,3,5,75,146,217,227,237,248,0,1,3,5,5,5,5,23,41,59,124,189,255,232,210,188,4,5,6,8,5,3,1,25,50,75,135,195,255,221,187,153,1,0,0,0,0,1,2,24,47,70,131,193,255,223,191,160,4,8,12,16,10,5,0,9,18,27,100,173,246,240,234,228,0,0,0,0,0,0,0,5,10,16,60,104,148,183,219,255,9,6,3,0,0,0,0,0,0,0,4,9,14,60,106,153,0,6,12,18,13,8,4,3,2,2,1,0,0,2,4,7,0,3,6,9,6,3,0,0,0,0,2,4,7,8,9,11,3,2,1,0,0,0,0,2,4,7,4,2,0,0,0,0,0,2,5,8,6,4,2,1,0,0,0,0,1,0,0,0
0,5,10,15,11,7,3,2,1,0,1,2,3,10,18,26,0,0,0,0,0,0,1,3,5,7,4,2,0,0,0,0,7,4,2,0,0,0,0,0,0,0,2,5,8,8,8,8,0,4,8,13,8,4,0,0,0,0,3,6,9,6,3,0,0,0,0,0,2,4,6,5,4,3,2,1,0,10,21,32,8,5,2,0,1,2,4,2,1,0,2,5,8,67,127,187,3,2,2,2,3,4,5,4,3,3,22,41,61,125,190,255,0,4,9,14,9,4,0,1,3,5,38,72,106,155,205,255,0,1,3,5,5,5,5,3,1,0,26,53,80,138,196,255,4,2,1,0,1,2,3,2,1,0,9,18,28,102,176,251,1,0,0,0,0,0,0,4,8,13,8,4,0,24,49,74,0,6,12,19,12,6,0,0,0,0,4,8,13,8,4,0,0,0,0,0,3,7,11,7,3,0,0,0,0,1,2,3,15,10,5,0,0,0,0,4,9,14,10,7,4,4,4,4,0,1,3,5,5,5,5,3,1,0,0,0,0,1,2,4,0,5,10,15,10,5,0,0,0,0,0,0,0,1,2,4
0,0,1,2,1,0,0,0,1,2,4,6,8,5,2,0,6,4,2,0,0,0,0,0,0,0,1,3,5,4,3,3,0,0,0,1,4,7,10,6,3,0,0,0,0,8,16,25,2,2,2,2,1,0,0,1,3,5,11,17,23,20,17,14,0,0,0,0,0,1,2,1,0,0,17,35,53,93,133,174,0,0,1,2,1,1,1,3,5,7,65,124,183,128,73,19,2,3,4,6,4,2,0,6,12,19,68,117,167,111,55,0,2,1,0,0,0,0,1,23,46,69,86,103,121,83,45,8,0,2,4,6,4,2,0,18,36,54,79,104,130,87,44,2,6,5,4,4,2,1,0,0,0,0,60,121,182,125,68,11,0,0,0,1,0,0,0,3,6,10,57,105,153,122,91,61,5,3,1,0,2,4,6,4,2,1,0,0,0,43,86,129,0,0,0,1,0,0,0,0,0,0,7,15,23,17,12,7,0,0,0,0,6,12,18,12,6,0,0,0,0,0,0,0,1,2,3,4,2,1,0,1,3,5,6,8,10,6,3,0,0,0,0,0,0,0,0,0,0,1,2,3,5,3,1,0
10,6,3,0,1,2,4,4,4,5,3,1,0,0,0,0,0,3,6,9,6,3,0,0,0,0,0,0,1,9,18,27,5,5,6,7,4,2,0,0,0,0,0,1,2,1,0,0,0,0,0,0,3,6,9,6,3,0,3,7,11,9,8,7,4,2,1,0,2,4,7,8,9,10,6,3,0,3,6,9,0,1,3,5,3,1,0,1,2,3,4,5,6,55,104,153,14,9,4,0,0,0,0,0,1,2,15,28,41,74,107,141,0,0,0,0,6,12,19,12,6,0,26,52,79,91,104,117,6,4,3,2,1,0,0,0,0,0,23,46,69,83,97,111,0,0,0,0,1,2,3,4,5,7,6,6,6,66,126,186,0,4,9,14,10,6,3,2,1,0,5,10,15,31,47,64,17,11,5,0,7,15,23,17,11,5,3,1,0,0,0,1,3,7,11,15,10,5,0,3,7,11,7,3,0,0,1,2,0,1,3,5,5,6,7,4,2,0,6,13,20,13,6,0,15,10,5,0,0,0,0,0,0,0,0,0,0,0,0,0,0,1,2,4,2,1,0,4,8,13,8,4,0,2,4,6
0,0,0,1,4,7,10,7,4,1,0,0,0,1,2,3,0,0,0,0,0,0,0,0,0,0,6,13,20,13,6,0,0,2,5,8,9,11,13,8,4,0,1,2,4,2,1,0,0,0,0,0,0,1,2,4,6,9,6,3,0,9,18,27,11,11,12,13,9,6,3,2,1,0,35,70,106,146,186,227,0,0,0,0,0,1,2,4,7,10,84,158,233,206,180,154,8,7,7,7,5,3,1,7,14,21,99,177,255,209,163,117,0,0,0,0,0,0,0,20,41,62,122,182,242,195,148,101,1,0,0,0,0,0,0,20,40,61,123,185,247,200,153,107,0,8,16,24,16,8,0,4,8,12,92,172,253,223,193,164,5,3,1,0,0,0,0,1,2,4,68,133,198,205,212,219,13,8,4,0,5,11,17,11,5,0,2,4,6,46,86,126,0,0,0,0,0,1,2,3,4,6,4,2,0,1,3,5,0,2,5,8,5,2,0,1,2,3,4,5,7,6,6,6,10,6,3,0,0,1,2,4,7,10,6,3,0,0,0,0,0,0,0,0,5,10,16,10,5,0,0,0,0,5,11,17
0,0,0,1,1,2,3,2,1,0,3,6,10,6,3,0,17,11,5,0,0,0,0,2,5,8,5,2,0,0,0,0,3,4,6,8,5,2,0,0,0,0,3,7,11,9,7,6,0,0,0,0,0,0,0,4,8,12,8,4,0,0,0,0,0,6,13,20,17,14,11,7,3,0,1,2,3,6,9,12,0,0,0,0,0,0,0,0,0,0,1,2,4,2,1,0,15,10,5,0,4,8,13,11,9,7,4,2,0,30,60,91,5,3,1,0,1,3,5,3,1,0,0,0,0,31,62,94,0,0,0,0,2,4,6,4,2,0,0,0,1,37,73,109,1,3,5,7,4,2,0,0,0,0,3,7,11,35,60,85,0,0,0,0,0,0,0,4,8,12,8,4,0,0,0,0,2,3,5,7,4,2,0,1,2,4,7,11,15,10,5,0,0,3,7,11,9,8,7,4,2,0,0,0,0,4,9,14,5,3,1,0,0,0,0,1,3,5,3,1,0,0,0,0,0,2,5,8,10,12,14,9,4,0,0,1,2,4,6,9,4,2,1,0,0,0,0,0,0,0,5,11,17,11,5,0
0,3,6,10,6,3,0,4,8,13,9,5,2,1,0,0,6,4,2,0,1,2,3,2,1,0,1,3,5,4,3,2,0,5,10,15,15,16,17,14,11,8,5,2,0,0,0,0,4,2,1,0,0,0,0,2,5,8,5,2,0,31,62,94,7,5,4,3,7,12,17,11,5,0,38,76,114,155,196,237,0,0,0,0,0,0,0,4,8,12,81,150,219,186,153,121,0,6,13,20,13,6,0,19,38,58,123,189,255,181,107,34,5,5,5,5,5,5,5,31,57,83,135,187,240,162,84,6,4,3,2,2,1,0,0,25,50,75,133,192,251,179,108,37,4,2,1,0,2,4,7,8,10,12,83,154,226,187,148,109,0,1,2,3,2,2,2,6,10,14,49,85,121,159,198,237,4,2,1,0,0,0,0,0,0,0,0,0,0,32,64,97,0,4,8,12,8,4,1,5,10,15,14,13,12,8,4,0,0,0,0,0,0,0,0,1,2,4,2,1,0,7,14,22,29,19,9,0,5,10,15,13,11,10,9,8,8,5,2,0,0,7,15,23,15,7,0,0,0,0,0,0,1,2,3,4
6,4,2,0,3,6,9,6,3,0,0,0,0,1,3,5,0,3,7,11,7,3,0,0,1,2,1,0,0,5,10,15,0,5,10,15,10,5,0,1,3,5,3,1,0,1,2,4,2,1,0,0,0,0,0,3,6,9,8,8,8,5,2,0,18,12,6,0,0,0,0,2,4,7,4,2,0,19,38,58,0,5,10,16,11,6,2,1,0,0,5,10,15,91,167,243,0,0,0,0,1,2,3,12,21,31,46,62,78,129,180,232,7,4,2,0,0,0,0,0,0,0,33,67,101,150,200,250,0,0,0,0,1,2,3,2,1,0,27,55,83,140,197,255,6,6,6,7,8,9,10,6,3,0,4,9,14,85,156,227,6,4,2,0,0,0,0,7,15,23,15,7,0,16,32,49,0,3,6,9,6,4,2,1,0,0,1,3,5,3,1,0,12,8,4,0,1,2,3,5,7,9,6,3,0,0,0,0,0,0,0,1,0,0,0,0,0,0,0,0,0,2,5,8,0,5,11,17,12,8,4,2,1,0,0,1,2,1,0,0,7,4,2,0,4,9,14,9,4,0,3,6,9,7,5,4
6,4,2,0,0,0,0,1,2,4,3,3,3,3,4,5,3,2,1,0,1,2,4,6,8,11,7,3,0,0,0,0,0,5,10,16,10,5,0,0,0,0,5,10,15,10,6,2,0,1,3,5,4,3,3,5,8,11,9,7,5,3,1,0,5,3,1,0,3,6,10,6,3,0,0,1,2,55,109,163,6,4,2,0,1,3,5,6,7,9,44,79,115,153,192,231,0,5,10,15,12,9,7,8,9,10,79,148,217,229,242,255,5,3,1,0,0,0,0,15,30,45,115,185,255,251,247,243,2,1,0,0,3,7,11,40,70,100,149,198,247,245,244,243,5,5,5,5,3,1,0,25,50,75,135,195,255,244,233,222,0,0,0,0,2,4,6,10,14,18,92,167,242,233,225,217,7,4,2,0,2,4,7,5,4,3,23,43,64,118,172,227,9,11,14,17,11,5,0,0,1,2,1,0,0,0,0,0,0,0,0,0,0,0,0,8,16,25,18,12,6,6,7,8,10,7,4,2,3,5,7,4,2,0,3,7,11,9,7,6,0,1,3,5,3,1,0,5,10,15,10,5,0,4,8,13
0,3,6,10,6,3,0,0,0,0,2,5,8,5,2,0,9,6,3,0,0,0,0,2,4,7,4,2,0,0,0,0,0,5,10,16,10,5,0,0,0,0,6,13,20,15,10,5,0,0,0,0,0,0,0,3,6,10,8,6,4,2,1,0,0,3,6,10,6,3,0,0,0,1,0,0,0,4,8,12,9,6,3,0,2,4,7,6,6,6,4,2,0,43,87,131,0,1,3,5,6,7,9,6,3,0,25,50,75,131,187,243,7,4,2,0,0,0,0,1,2,3,55,108,161,190,220,250,6,4,2,0,3,6,10,6,3,0,56,113,170,198,226,255,5,3,1,0,0,0,0,4,8,12,30,49,68,126,184,242,0,2,4,7,5,3,1,0,0,0,6,12,18,12,6,0,0,0,0,0,2,4,7,4,2,0,0,0,0,0,0,0,6,5,4,4,2,1,0,2,4,7,4,2,0,4,8,12,0,1,3,5,5,5,5,3,1,0,7,15,23,15,7,0,8,5,2,0,4,9,14,9,4,0,0,0,0,4,8,12,0,0,1,2,1,0,0,5,11,17,11,5,0,0,1,2
5,3,1,0,0,0,1,0,0,0,4,8,13,8,4,0,1,0,0,0,1,2,4,3,2,2,2,2,3,2,1,1,3,2,1,0,1,2,3,3,3,4,2,1,0,0,0,0,0,0,0,0,0,0,0,3,6,9,8,8,8,11,15,19,2,6,10,14,9,4,0,0,0,0,0,0,0,0,0,0,0,1,3,5,3,1,0,0,1,2,8,14,20,21,23,25,0,0,0,0,1,3,5,3,1,0,0,1,2,19,37,55,7,4,2,0,3,6,9,6,3,0,0,0,0,33,66,100,0,2,4,6,4,2,0,0,0,0,3,6,9,41,73,106,0,3,6,9,6,4,2,1,0,0,1,2,3,24,46,68,0,0,0,0,0,0,0,2,4,6,10,14,18,32,46,61,6,6,6,7,5,3,2,4,7,10,12,15,18,26,34,43,8,7,7,7,4,2,0,0,0,0,0,1,2,5,8,12,0,0,0,0,0,0,0,0,0,0,0,0,0,0,1,2,3,5,8,11,8,6,4,3,2,1,2,3,5,3,1,0,0,1,2,4,2,1,0,0,0,0,2,4,6,4,2,1
0,0,0,0,1,2,3,4,5,6,4,2,0,0,1,2,0,2,5,8,5,2,0,0,0,0,2,4,6,10,14,19,1,0,0,0,3,7,11,10,9,8,5,2,0,0,0,0,3,2,1,0,0,0,0,4,8,12,14,17,20,22,24,27,0,1,3,5,6,7,8,5,2,0,0,0,0,35,71,107,6,6,7,8,5,2,0,0,0,0,5,10,15,36,57,79,0,0,0,0,1,2,4,7,11,15,10,5,0,26,52,78,4,3,3,3,2,1,0,0,0,0,0,0,0,27,54,82,0,0,0,0,1,2,4,2,1,0,7,14,21,39,57,76,3,3,3,3,2,1,0,2,4,6,27,48,70,74,78,83,0,0,1,2,1,0,0,0,0,1,25,50,75,52,29,7,0,4,8,12,8,5,2,7,12,17,38,60,82,54,27,0,0,0,0,0,0,0,0,0,0,0,11,22,34,22,11,0,9,8,7,7,7,8,9,6,3,0,2,4,6,7,9,11,0,0,0,0,1,2,4,2,1,0,0,0,0,2,4,7,8,5,2,0,2,5,8,5,2,0,0,0,0,0,0,0
0,3,6,9,6,3,0,4,8,12,8,4,0,2,4,7,9,7,6,5,3,1,0,0,0,1,0,0,0,0,0,0,0,0,0,0,2,4,7,8,10,12,8,4,0,1,2,3,0,0,0,0,0,1,2,1,0,0,0,1,2,41,81,121,0,3,6,9,6,3,0,0,0,0,2,5,8,84,160,236,0,2,4,6,4,2,0,1,2,3,3,3,4,84,165,246,3,2,1,0,0,0,0,0,0,0,0,0,0,78,156,235,5,3,1,0,3,6,10,8,6,5,3,2,1,81,161,242,5,3,1,0,0,0,0,0,0,1,0,0,0,83,167,251,0,1,2,4,4,5,6,8,11,14,9,4,0,80,161,242,0,0,0,0,0,0,0,3,6,10,6,3,0,83,166,249,6,9,12,15,10,5,0,0,0,0,3,6,10,84,159,234,0,0,0,0,0,0,0,7,14,22,14,7,0,1,2,3,9,11,13,15,11,7,4,2,1,0,0,0,0,2,5,8,0,0,0,1,1,1,2,1,1,1,2,3,5,3,1,0,8,5,2,0,0,0,0,4,8,13,8,4,0,0,0,0
0,1,2,3,2,1,0,0,0,0,8,16,25,16,8,0,11,7,3,0,0,0,0,0,0,0,0,0,0,0,0,0,0,0,0,1,0,0,0,1,2,4,7,11,15,16,17,18,3,5,8,11,7,3,0,0,0,0,2,5,8,39,70,102,0,0,0,0,4,8,12,12,12,12,10,8,6,89,172,255,5,3,1,0,1,2,3,3,4,5,4,3,2,86,170,255,2,3,4,5,3,1,0,0,0,0,9,19,29,103,177,251,0,2,4,6,5,4,4,5,7,9,10,12,14,91,168,245,0,0,0,1,4,7,11,7,3,0,8,16,25,101,178,255,14,9,4,0,0,0,0,0,0,0,6,12,19,90,161,232,0,0,0,1,3,5,8,5,2,0,7,14,22,99,177,255,14,9,4,0,1,2,3,2,1,0,4,8,12,93,174,255,0,0,0,0,1,2,3,2,1,0,8,17,26,88,150,213,0,2,5,8,6,4,3,2,1,0,0,0,0,0,0,1,0,2,5,8,5,3,1,0,0,0,1,2,3,5,8,11,15,10,5,0,0,0,0,3,7,11,7,3,0,0,1,2
0,1,2,4,2,1,0,1,2,4,7,11,15,10,5,0,11,10,9,8,5,2,0,0,0,0,0,0,0,0,0,0,0,0,0,1,0,0,0,1,2,4,2,1,0,3,6,10,0,2,4,7,7,7,8,6,4,2,2,2,3,25,47,70,7,6,6,6,4,2,0,0,0,0,19,38,57,123,189,255,0,1,3,5,4,3,2,3,5,7,24,42,60,120,180,240,1,0,0,0,0,0,0,0,0,0,16,32,48,116,184,253,0,0,0,1,1,2,3,3,4,5,18,31,44,114,184,255,1,1,1,1,0,0,0,1,2,3,17,31,45,115,185,255,0,0,0,0,1,2,3,5,7,10,23,36,50,117,184,251,0,0,0,0,0,0,0,0,0,0,16,32,49,117,186,255,2,9,16,24,18,12,6,4,2,0,15,31,47,115,183,252,0,0,0,0,0,0,0,6,13,20,15,11,7,5,3,2,13,14,15,16,10,5,0,0,0,0,0,0,0,0,0,0,0,0,1,2,1,0,0,1,2,3,4,5,7,4,2,0,0,2,4,7,6,5,5,3,1,0,0,0,0,3,6,9
0,2,4,6,4,3,2,1,0,0,0,1,2,1,0,0,0,0,0,0,0,0,0,2,4,6,9,12,15,11,8,5,12,8,4,0,0,0,0,0,0,0,0,0,0,0,0,1,0,0,0,0,4,8,12,11,10,10,11,13,15,37,60,83,0,1,2,4,3,2,1,0,0,0,15,31,47,112,177,242,0,2,4,6,5,5,5,3,1,0,17,34,52,119,187,255,2,1,0,0,0,0,0,0,0,0,14,29,44,114,184,255,0,0,0,0,1,2,4,3,2,2,14,26,38,109,180,251,3,2,1,0,0,0,0,0,0,0,12,24,37,109,182,255,0,6,13,20,13,6,0,0,0,0,14,28,42,110,178,247,0,0,0,0,0,0,0,3,6,9,20,32,44,114,184,255,7,4,2,0,1,2,3,4,5,6,9,12,16,95,175,255,0,2,4,6,6,7,8,7,7,7,10,13,16,50,84,118,7,8,10,12,8,4,0,0,0,0,5,10,15,14,13,13,0,0,1,2,1,1,1,3,6,9,6,4,2,1,0,0,0,3,6,9,6,3,0,0,0,0,0,0,0,2,5,8
10,6,3,0,1,2,4,4,4,5,3,1,0,0,1,2,0,0,0,0,0,0,0,0,0,1,2,3,4,2,1,0,6,7,9,11,9,8,7,5,4,3,2,1,0,0,0,0,0,1,2,3,2,1,0,0,0,0,0,0,0,33,66,100,2,4,7,10,8,6,4,3,3,3,6,9,12,86,161,236,0,0,0,0,0,0,0,0,0,0,0,0,0,80,161,242,0,2,4,6,4,2,0,5,10,16,12,9,6,86,167,248,0,1,3,5,3,1,0,0,0,0,0,0,0,80,161,242,2,1,1,1,0,0,0,0,0,0,0,0,0,85,170,255,1,0,0,0,1,2,4,6,8,11,7,3,0,77,155,233,7,4,2,0,0,0,0,3,7,11,9,7,6,83,161,239,0,2,5,8,5,2,0,0,0,0,0,0,1,73,146,219,0,0,0,0,0,0,1,11,21,32,21,10,0,3,6,9,8,9,10,11,7,3,0,0,0,0,0,0,0,0,1,2,0,0,1,2,1,0,0,3,6,9,8,7,7,5,4,3,0,1,2,3,2,1,0,1,2,3,2,1,0,3,7,11
0,0,0,0,3,6,9,9,10,11,8,6,4,2,1,0,8,8,9,10,6,3,0,0,0,0,0,0,0,3,6,9,0,0,0,0,0,0,0,3,7,11,8,6,4,3,2,1,7,4,2,0,1,2,3,4,6,8,5,2,0,20,40,61,0,0,0,0,0,0,0,0,0,1,9,17,25,100,176,252,0,0,0,0,0,0,1,2,4,6,10,15,20,98,176,255,2,1,0,0,0,0,0,2,4,7,12,18,24,98,172,246,0,6,12,18,12,6,0,0,0,0,9,19,29,104,179,255,0,1,2,4,2,1,0,1,2,3,13,23,33,106,180,254,4,2,1,0,0,1,2,1,1,1,2,4,6,87,169,251,2,1,0,0,0,0,1,1,1,2,12,22,33,107,181,255,0,1,2,3,2,1,0,0,0,0,11,22,34,102,171,240,0,2,4,6,4,2,0,3,6,10,7,4,2,28,54,81,12,10,8,6,4,2,0,0,0,0,0,0,0,0,0,0,0,0,1,2,4,6,8,8,9,10,6,3,0,0,0,0,10,6,3,0,0,0,0,0,0,0,0,1,2,4,6,9
0,0,1,2,2,2,2,1,0,0,0,0,0,3,6,9,12,8,4,0,0,0,0,1,2,3,5,8,11,7,3,0,0,3,7,11,8,6,4,2,1,0,0,0,1,0,0,0,0,1,3,5,3,1,0,0,0,0,4,9,14,12,10,9,2,1,0,0,0,0,0,2,4,6,4,2,0,0,0,0,10,6,3,0,0,0,0,1,2,3,6,9,12,8,4,0,0,0,1,2,4,7,10,6,3,0,0,0,0,7,14,22,3,2,1,1,0,0,0,0,0,0,1,2,4,23,42,62,1,0,0,0,1,3,5,6,7,9,6,3,0,40,80,120,1,2,3,5,3,1,0,3,6,9,6,3,0,64,128,193,0,1,3,5,3,1,0,0,0,1,0,0,0,77,154,231,21,16,12,8,7,6,5,3,1,0,14,28,42,96,150,205,0,0,0,0,7,14,21,14,7,0,0,0,0,6,13,20,13,11,9,8,5,2,0,3,6,10,8,7,6,4,2,0,0,3,6,9,6,3,0,3,7,11,7,3,0,0,0,0,0,3,6,10,7,4,2,1,0,0,0,0,0,2,4,7
0,0,1,2,2,3,4,2,1,0,3,6,9,6,3,0,3,2,1,0,2,4,6,4,2,0,1,2,4,8,12,17,0,0,0,0,5,10,16,11,6,1,0,0,0,0,0,0,14,9,4,0,0,0,0,0,0,0,7,14,22,31,40,50,0,0,1,2,6,11,16,10,5,0,6,12,19,65,112,159,2,1,0,0,2,4,7,9,12,15,22,29,36,101,166,232,14,9,4,0,0,0,0,0,0,0,6,13,20,83,147,211,0,2,4,7,4,2,0,0,0,1,17,33,50,88,126,164,1,2,4,6,4,2,0,0,0,0,39,78,118,146,174,203,0,0,0,0,2,4,7,4,2,0,56,112,169,134,99,64,5,3,1,0,0,0,1,0,0,0,69,139,209,140,71,3,0,0,0,0,0,0,0,9,19,29,79,130,181,122,63,5,0,0,0,0,0,0,0,9,18,27,44,62,80,53,26,0,12,8,4,0,0,1,2,1,0,0,0,1,2,1,0,0,1,0,0,0,2,5,8,5,2,0,0,0,0,0,0,0,0,2,5,8,5,2,0,2,5,8,5,2,0,0,0,1
6,4,2,0,0,0,0,2,5,8,5,2,0,1,2,4,0,4,9,14,9,4,0,0,0,0,1,2,4,2,1,0,0,3,6,10,6,3,0,0,0,1,2,3,4,7,11,15,11,7,3,0,0,0,0,1,3,5,3,1,0,49,99,149,7,4,2,0,2,5,8,9,11,13,8,4,0,85,170,255,0,0,0,0,1,2,4,4,4,4,6,8,10,91,173,255,6,6,6,6,4,2,0,0,0,0,1,3,5,85,166,247,0,0,0,1,2,3,5,6,7,8,5,2,0,85,170,255,1,2,3,5,3,1,0,1,3,5,5,5,6,84,162,240,0,0,0,0,0,0,0,1,2,3,2,1,0,83,167,251,0,3,6,10,8,6,4,2,1,0,2,5,8,90,172,255,0,0,0,0,3,6,9,6,3,0,1,2,3,83,163,244,8,5,2,0,0,0,0,4,9,14,9,4,0,1,2,3,8,5,2,0,0,0,0,0,0,0,0,0,0,3,6,9,0,4,9,14,12,10,9,6,4,2,5,8,11,7,3,0,9,6,3,0,0,0,0,0,0,0,2,4,7,4,2,0
2,1,0,0,6,12,19,13,7,1,0,0,0,0,0,0,8,7,7,7,4,2,0,0,0,0,2,5,8,5,2,0,4,6,8,11,7,3,0,0,0,0,4,8,12,11,11,11,0,0,0,0,3,7,11,8,5,3,8,13,18,53,88,124,9,6,3,0,1,3,5,3,1,0,9,19,29,104,179,255,0,1,2,3,2,1,0,5,10,16,24,32,40,111,183,255,6,8,11,14,9,4,0,0,0,0,9,18,27,101,175,249,0,0,0,0,3,6,10,6,3,0,13,26,39,111,183,255,0,1,2,3,5,7,9,6,3,0,10,20,30,105,180,255,8,6,4,2,1,0,0,1,2,4,17,31,45,106,167,229,0,5,10,15,10,5,0,0,0,0,16,32,49,117,186,255,6,5,4,4,2,1,0,0,0,0,7,15,23,99,175,252,0,0,0,0,1,2,3,3,3,4,11,19,27,88,149,210,6,4,2,0,0,0,0,2,5,8,5,2,0,1,3,5,0,1,2,3,2,1,0,0,0,0,1,2,4,6,9,12,10,6,3,0,3,6,9,6,3,0,1,2,4,2,1,0
5,3,1,0,1,2,4,4,5,6,4,2,0,4,9,14,7,4,2,0,0,0,0,0,1,2,1,0,0,3,6,9,0,1,2,4,4,4,5,4,3,2,1,0,0,1,3,5,0,1,2,3,2,1,0,0,0,0,1,2,4,42,80,118,0,0,0,0,0,0,0,1,2,3,6,9,13,67,121,175,7,6,5,4,2,1,0,0,0,0,0,0,0,62,125,188,0,1,2,3,5,8,11,10,9,9,6,3,0,60,120,180,3,4,5,7,4,2,0,0,0,0,1,2,3,61,119,178,0,0,1,2,1,0,0,0,0,0,4,8,12,79,146,213,16,10,5,0,0,0,0,0,0,0,0,0,0,52,104,156,0,0,0,0,4,9,14,12,10,9,6,3,0,59,118,177,7,4,2,0,0,0,0,0,0,0,4,9,14,63,113,163,0,1,2,4,6,9,12,11,10,9,6,3,0,3,6,10,3,3,3,3,2,1,0,0,0,0,3,7,11,7,3,0,0,4,8,12,11,10,9,6,3,0,0,0,0,0,0,0,2,1,0,0,0,0,0,0,0,0,0,0,0,1,2,4
0,2,5,8,5,2,0,2,5,8,5,2,0,0,1,2,1,0,0,0,0,1,2,1,0,0,1,2,4,9,14,19,0,0,0,0,4,8,12,13,14,15,10,5,0,0,0,0,27,18,9,0,0,0,0,0,0,0,0,1,2,28,54,80,0,4,8,13,8,4,0,0,0,0,0,0,0,64,129,194,0,0,0,1,1,1,1,1,1,2,6,11,16,81,146,211,2,5,9,13,8,4,0,0,0,1,0,0,0,58,116,174,0,0,0,1,1,1,2,1,0,0,5,10,16,74,132,190,2,1,0,0,2,4,7,5,3,2,1,0,0,77,154,231,0,4,8,13,8,4,0,0,0,0,0,1,2,64,126,188,0,0,0,0,5,10,15,12,9,7,7,7,8,60,112,164,12,12,13,14,9,4,0,0,0,0,0,0,0,56,112,169,0,0,0,0,6,13,20,15,11,7,6,5,4,56,108,160,0,7,14,21,14,7,0,0,0,0,0,0,0,0,0,0,0,0,0,0,0,0,0,0,0,0,3,6,9,6,3,0,0,1,2,4,3,3,3,2,1,1,0,0,0,0,0,1
7,4,2,0,1,2,4,2,1,0,2,4,7,4,2,0,1,0,0,0,0,0,1,0,0,0,0,0,0,1,3,5,0,1,2,4,4,4,4,2,1,0,0,0,0,7,14,22,0,0,1,2,2,2,3,3,3,3,10,17,24,47,70,93,0,1,2,3,2,1,0,0,0,0,7,15,23,54,85,117,0,1,3,5,3,2,1,0,0,0,1,2,3,28,53,79,0,0,1,2,2,2,2,4,6,8,7,6,5,32,59,86,4,6,8,10,6,3,0,0,0,0,0,0,0,32,64,97,0,0,0,0,3,6,10,6,3,0,3,7,11,34,57,80,6,4,2,1,1,1,1,0,0,0,0,0,0,27,54,81,1,0,0,0,1,2,3,4,5,6,4,2,0,40,80,120,0,0,0,0,0,0,0,0,0,0,12,25,38,82,126,171,2,4,6,8,9,10,11,7,3,0,0,1,2,6,11,16,0,2,5,8,5,2,0,0,0,1,2,3,4,2,1,0,0,0,0,0,0,0,0,3,6,9,8,7,7,4,2,0,5,3,1,0,3,6,9,6,3,0,1,2,3,2,1,0
3,4,5,6,4,2,0,3,7,11,7,3,0,0,0,0,0,0,0,1,3,6,9,6,3,0,0,0,0,0,0,0,8,5,2,0,0,0,0,0,0,0,3,6,10,10,10,11,0,5,10,15,10,5,0,1,3,5,46,87,129,160,191,223,9,6,3,0,0,0,0,1,3,5,5,5,6,85,165,245,0,5,11,17,12,7,3,2,1,0,0,0,0,81,162,243,0,0,0,0,0,0,0,1,3,5,4,3,2,81,160,239,0,1,2,4,2,1,0,0,0,0,0,0,0,81,162,244,0,0,0,0,3,6,10,7,4,2,1,0,0,81,162,244,15,11,7,3,2,1,0,0,0,0,5,11,17,91,165,240,0,0,0,0,0,0,0,2,4,6,27,48,69,131,193,255,0,3,6,9,9,9,9,6,4,2,2,3,4,30,56,83,3,2,1,0,0,0,0,2,4,6,4,2,0,0,0,0,7,4,2,0,0,0,0,1,2,4,3,2,1,0,0,0,3,3,3,3,2,1,0,0,1,2,1,0,0,1,2,4,0,0,0,0,0,0,0,1,2,3,2,1,0,1,3,5
0,1,2,4,4,5,6,4,2,0,3,6,9,7,5,3,12,8,4,0,0,0,0,0,0,0,1,2,3,3,3,4,0,0,0,0,1,3,5,7,10,13,8,4,0,4,9,14,0,0,1,2,1,0,0,0,0,0,0,0,0,63,126,189,0,3,6,10,7,5,3,2,2,2,1,0,0,62,124,187,5,3,1,0,0,0,0,0,0,1,1,1,1,63,126,189,2,1,0,0,0,0,0,0,0,0,0,0,0,61,122,183,1,0,0,0,2,5,8,5,2,0,3,6,10,70,130,190,0,0,0,0,1,3,5,3,1,0,0,0,0,63,126,190,6,4,2,0,4,8,13,8,4,0,1,3,5,64,124,184,0,0,0,0,1,3,5,3,1,0,1,2,4,64,125,186,5,7,9,11,11,11,11,7,3,0,5,10,15,72,129,187,4,2,1,0,0,0,0,5,10,16,10,5,0,0,0,0,3,6,10,14,9,4,0,0,0,0,0,0,0,4,9,14,0,0,0,0,2,4,7,7,7,8,5,3,1,0,0,0,16,10,5,0,0,0,0,0,1,2,1,0,0,0,0,0
0,0,0,1,3,5,8,9,10,12,8,4,0,0,0,0,16,10,5,0,0,0,0,0,0,0,0,0,0,3,7,11,0,1,2,4,5,7,9,6,3,0,4,8,12,8,4,0,0,1,2,4,2,1,0,1,3,5,3,1,0,80,160,241,0,4,9,14,9,4,0,0,0,0,2,4,7,80,153,226,7,4,2,0,1,2,4,3,3,3,2,1,0,85,170,255,0,0,0,0,0,0,0,0,0,0,3,6,10,75,140,206,0,4,9,14,9,4,0,2,4,7,5,3,2,81,161,241,0,2,4,6,4,2,0,5,10,16,10,5,0,82,164,247,14,9,4,0,0,0,0,0,0,0,0,0,0,77,154,232,0,0,0,0,4,9,14,9,5,1,1,2,3,79,155,232,13,11,9,8,5,2,0,0,0,0,0,0,0,77,154,232,0,3,6,9,6,3,0,0,0,0,2,5,8,82,156,231,7,4,2,0,4,8,12,15,18,21,14,7,0,1,2,4,11,7,3,0,0,0,0,0,0,0,0,0,0,0,0,0,0,1,3,5,3,1,0,2,5,8,5,2,0,0,0,0
0,0,0,0,0,0,0,0,0,0,0,0,0,2,4,7,6,6,7,8,7,6,6,7,9,11,10,9,8,5,2,0,1,0,0,0,0,0,0,0,0,0,0,0,0,0,0,1,2,1,0,0,1,2,4,8,13,18,24,30,37,85,133,182,2,1,1,1,0,0,0,0,0,0,0,0,0,73,147,221,0,1,3,5,3,2,1,0,0,0,4,9,14,94,174,255,0,0,0,0,0,0,0,1,3,5,29,53,77,136,195,254,7,4,2,0,0,0,0,2,4,7,48,90,132,170,208,246,0,0,0,0,3,6,10,6,3,0,62,124,187,209,232,255,8,7,6,5,3,1,0,2,5,8,83,159,235,241,248,255,0,0,0,0,2,5,8,26,44,63,127,191,255,251,247,244,15,10,5,0,11,22,33,66,100,134,172,210,248,241,235,229,0,0,0,0,0,0,0,6,13,20,13,6,0,0,0,0,5,12,19,26,17,8,0,0,0,0,0,0,0,2,4,6,0,5,10,15,10,5,0,0,0,0,0,0,0,1,2,4,2,1,0,0,2,5,8,8,8,9,6,3,0,0,0,0
9,6,3,0,1,2,4,3,2,1,3,5,7,4,2,0,0,1,2,3,2,1,1,0,0,0,0,0,0,0,0,0,0,2,5,8,5,2,0,2,5,8,6,5,4,2,1,0,0,0,0,0,0,0,1,5,10,15,41,67,93,105,118,131,6,4,2,0,2,4,6,4,2,0,59,119,179,204,229,255,10,6,3,0,1,2,3,4,5,7,78,150,222,230,238,246,0,0,0,0,0,0,0,24,49,74,134,194,255,226,197,168,0,4,8,12,8,4,0,35,71,107,156,205,255,211,168,125,4,2,1,0,0,0,0,61,122,183,207,231,255,205,156,107,0,0,0,0,9,18,28,103,178,254,233,212,191,128,65,2,13,8,4,0,22,44,67,129,192,255,217,179,142,95,48,1,0,9,18,27,71,116,161,190,219,249,206,163,120,82,44,6,8,5,2,0,4,8,12,10,8,7,6,6,6,6,6,6,1,3,5,8,7,7,7,4,2,0,0,0,0,0,0,0,0,0,1,2,1,0,0,0,0,0,4,8,12,11,10,10,0,2,4,7,4,2,0,0,0,0,2,4,6,4,2,0
9,6,3,0,3,6,10,6,3,0,3,6,10,11,13,15,0,0,0,0,1,2,3,7,12,17,11,5,0,0,0,0,0,2,4,7,8,9,11,7,3,0,0,0,0,3,6,9,6,4,2,0,0,0,0,2,4,7,6,5,5,9,13,17,0,0,0,0,4,8,12,8,4,0,7,15,23,43,63,83,2,2,3,4,2,1,0,6,12,18,12,7,2,23,44,65,1,3,5,7,4,2,0,0,0,0,11,22,33,40,47,55,0,0,0,0,1,2,3,3,3,3,29,55,81,55,29,4,0,0,0,0,1,3,5,4,3,2,30,59,88,63,38,13,0,7,14,21,14,7,0,0,0,0,7,14,21,25,30,35,0,5,11,17,11,5,0,3,7,11,11,11,12,37,62,87,7,6,5,4,2,1,0,0,0,0,0,0,0,3,6,9,6,4,2,0,0,1,2,3,4,5,5,6,7,4,2,0,1,1,1,1,1,1,2,2,2,3,2,1,0,0,0,0,0,1,2,3,2,1,1,1,1,2,1,0,0,3,6,10,5,3,1,0,1,2,3,2,1,0,4,8,13,8,4,0
0,6,12,18,12,6,0,0,0,0,4,8,13,8,4,0,10,6,3,0,0,0,0,0,0,0,0,0,0,9,18,28,7,4,2,0,0,0,0,7,14,22,14,7,0,0,0,0,0,1,2,3,9,15,21,14,7,0,0,0,0,2,4,7,4,3,2,1,0,0,0,4,8,12,8,4,1,9,17,25,5,3,1,0,1,3,5,3,1,0,1,2,3,35,68,101,0,0,0,0,0,0,0,5,11,17,11,5,0,24,48,72,1,4,7,10,6,3,0,0,0,0,9,18,27,36,45,55,2,1,0,0,2,4,6,6,6,7,4,2,0,26,52,79,0,0,0,0,0,0,0,0,0,1,0,0,0,28,57,86,0,0,1,2,1,0,0,0,0,0,0,0,0,7,14,22,0,0,1,2,2,2,2,2,2,3,2,1,0,0,0,0,2,2,3,4,2,1,0,0,0,1,2,3,5,3,1,0,6,5,4,3,2,1,0,0,0,0,0,0,0,0,0,0,0,0,0,0,0,0,0,1,2,4,3,2,2,4,6,9,3,2,2,2,2,2,3,2,1,1,0,0,0,3,7,11
0,0,0,0,5,10,15,10,5,0,1,2,3,2,1,0,3,5,8,11,7,3,0,3,7,11,11,11,11,7,3,0,0,4,8,12,8,4,0,0,0,0,0,0,0,15,31,47,0,0,0,0,7,14,22,14,7,0,24,48,73,133,194,255,15,12,9,7,4,2,0,1,2,4,81,158,235,224,213,203,0,0,0,0,2,4,7,24,41,59,119,180,241,200,159,119,9,6,4,2,1,1,1,28,55,83,140,197,255,197,139,82,4,2,1,0,1,2,3,21,39,58,122,187,252,205,159,113,2,1,0,0,0,0,1,5,10,15,94,174,254,223,193,163,0,2,4,6,4,2,0,3,7,11,57,104,151,184,217,250,0,2,5,8,8,8,9,6,3,0,0,0,0,50,100,151,7,4,2,0,0,0,0,1,2,4,3,3,3,6,9,12,0,0,0,0,2,5,8,5,3,1,3,6,9,6,3,0,5,3,1,0,0,0,0,0,0,1,0,0,0,4,8,12,2,1,1,1,0,0,0,8,16,25,16,8,0,0,1,2,0,2,5,8,5,2,0,0,0,0,1,2,3,2,2,2
3,2,1,0,0,0,0,3,7,11,7,3,0,0,1,2,0,3,6,10,6,3,0,0,0,0,2,4,7,6,5,4,12,8,4,0,0,0,0,1,2,3,7,11,15,10,5,0,2,1,0,0,1,2,4,5,7,9,6,3,0,12,24,37,5,6,7,8,8,8,9,9,9,9,10,11,12,77,143,209,0,2,4,6,4,2,0,0,0,0,25,50,76,135,195,255,3,5,7,9,7,5,3,4,5,7,35,63,91,141,191,241,7,4,2,0,3,7,11,8,5,3,32,62,92,146,200,255,0,6,12,19,12,6,0,5,10,16,25,34,43,108,173,238,0,3,7,11,7,3,0,0,0,0,0,0,0,42,84,126,0,0,0,0,2,4,7,9,11,14,11,8,5,4,3,2,3,2,1,0,0,0,0,0,0,0,1,3,5,3,1,0,0,4,8,13,12,11,11,7,3,0,0,0,0,0,0,0,6,7,9,11,7,3,0,1,2,3,2,1,0,4,8,12,0,0,0,0,0,0,0,1,2,4,2,1,0,0,1,2,6,4,2,1,2,3,5,4,3,2,1,0,0,0,0,0
0,0,0,0,2,5,8,5,2,0,0,0,0,1,3,5,0,5,10,16,10,5,0,4,8,12,13,14,16,10,5,0,2,4,7,10,6,3,0,4,8,13,8,4,0,5,10,16,0,0,0,0,3,7,11,7,3,0,22,44,66,117,169,221,8,8,8,8,5,2,0,0,0,1,75,149,224,229,235,241,0,5,10,16,14,13,12,37,63,89,144,199,255,206,158,110,9,6,3,0,0,0,0,41,83,125,168,211,255,191,127,64,0,0,0,0,0,0,1,39,77,115,160,205,251,196,142,88,8,5,2,0,3,7,11,26,42,58,123,189,255,223,191,159,0,6,12,18,12,6,0,0,0,0,66,132,199,217,236,255,19,12,6,0,2,4,6,7,9,11,9,8,7,56,106,156,0,5,11,17,11,5,0,1,2,3,5,7,9,6,3,0,9,6,4,2,1,0,0,0,0,0,3,6,10,6,3,0,0,2,4,6,7,9,11,7,3,0,0,0,0,1,2,3,0,3,6,10,6,3,0,0,0,0,0,0,0,2,4,7,0,2,4,6,4,2,0,5,10,15,10,6,2,1,0,0
0,0,0,0,0,0,0,4,8,13,8,4,0,0,0,0,0,7,14,21,14,7,1,0,0,0,0,0,0,0,0,0,3,2,1,0,0,0,0,0,1,2,9,16,23,15,7,0,15,10,5,0,1,3,5,6,8,10,6,3,0,8,16,24,0,0,0,1,4,7,10,8,6,5,9,14,19,79,140,201,0,4,8,12,8,4,0,0,0,0,30,60,91,145,200,255,0,0,0,0,0,0,0,0,0,1,41,82,123,165,207,249,9,6,3,0,5,10,16,10,5,0,37,74,111,157,203,249,0,0,0,0,0,0,0,3,6,9,24,40,56,122,188,254,9,7,5,3,2,1,0,0,0,0,0,0,1,57,113,169,0,0,0,0,0,0,0,6,12,19,13,7,1,5,9,14,0,2,4,7,4,2,0,0,0,0,0,0,0,0,0,0,0,5,11,17,11,5,0,0,0,0,2,4,6,4,2,0,2,4,7,10,6,3,0,0,0,0,3,6,9,6,3,0,0,0,1,2,1,1,1,4,8,12,8,4,0,0,0,0,10,6,3,0,0,0,0,0,1,2,1,0,0,3,7,11
0,2,5,8,5,2,0,1,2,3,9,15,22,14,7,0,0,0,0,0,7,15,23,15,7,0,0,0,0,4,8,13,0,0,0,0,0,0,0,3,7,11,13,15,18,12,6,0,1,7,13,20,14,8,2,1,0,0,5,10,15,10,5,0,0,0,0,0,0,0,0,6,13,20,13,6,0,39,79,119,9,6,3,0,0,0,0,0,0,0,7,14,22,98,174,250,0,0,0,1,0,0,0,4,9,14,28,43,58,121,185,249,3,2,1,0,3,6,9,6,3,0,26,52,78,130,182,234,2,1,0,0,0,0,1,0,0,0,24,49,74,132,190,249,4,2,1,0,3,7,11,12,14,16,23,31,39,105,171,237,0,10,20,31,20,10,0,0,0,0,1,2,4,79,155,231,3,2,1,0,0,0,0,7,14,21,14,7,0,16,32,49,16,10,5,0,5,10,16,10,5,0,0,0,0,0,1,2,8,5,2,0,0,0,0,0,0,0,0,0,0,3,6,9,0,3,7,11,7,3,0,3,6,10,8,6,5,3,1,0,14,9,4,0,3,6,10,6,3,0,1,3,5,3,1,0
0,0,0,0,0,0,0,3,6,9,6,3,0,0,0,0,0,3,6,9,9,9,9,6,3,0,2,4,6,8,10,12,11,7,3,0,0,0,0,0,0,0,4,8,12,8,4,0,0,0,0,0,0,0,1,10,19,29,19,9,0,0,0,0,5,7,9,12,8,4,0,0,0,0,0,0,0,59,118,177,0,0,0,0,0,0,0,0,0,0,24,48,72,130,188,246,0,0,0,0,2,4,7,4,2,0,27,55,83,124,165,207,0,2,4,6,4,2,0,1,2,4,34,64,95,128,161,194,0,0,0,0,2,4,7,5,3,2,15,29,43,110,178,246,1,8,15,22,14,7,0,0,0,0,0,0,0,40,80,120,0,4,8,12,9,6,3,2,1,0,4,8,13,8,4,0,2,1,0,0,0,1,2,1,0,0,1,2,4,7,10,13,1,0,0,0,0,0,0,9,18,27,18,9,0,1,2,3,6,4,2,1,0,0,0,0,0,0,0,0,1,0,0,0,0,1,3,5,8,12,16,10,5,0,1,2,4,3,2,2,6,4,2,0,0,0,0,3,6,9,6,3,0,1,2,4
1,0,0,0,0,0,1,1,2,3,2,1,0,0,0,0,17,11,5,0,0,0,0,2,4,6,6,7,8,10,13,16,0,1,2,4,3,2,1,0,0,0,5,10,16,10,5,0,5,3,1,0,0,1,2,3,4,5,3,1,0,4,9,14,0,3,6,10,10,10,10,6,3,0,3,6,10,72,134,196,0,2,4,7,4,2,0,3,6,10,48,87,126,130,134,138,0,3,7,11,7,3,0,0,0,0,73,146,220,160,100,41,6,4,2,0,6,12,18,17,17,17,94,172,250,173,97,21,0,1,2,4,3,3,3,2,1,0,84,169,254,185,116,47,0,4,9,14,9,4,0,0,0,0,60,120,180,163,147,131,6,4,2,0,2,4,6,5,4,3,6,9,12,76,141,206,0,0,1,2,4,6,8,5,2,0,0,0,0,0,0,0,0,0,0,0,2,4,6,4,2,0,3,6,10,9,9,9,0,0,0,1,3,5,8,7,6,6,4,2,0,0,0,0,2,1,0,0,0,0,0,3,6,9,7,5,4,3,3,3,0,0,0,1,1,1,2,1,0,0,0,0,0,3,6,10
2,1,0,0,4,8,12,10,8,6,4,2,0,3,6,10,6,4,2,1,2,3,5,3,1,0,0,0,1,0,0,0,2,1,0,0,1,3,5,3,1,0,0,0,0,3,6,9,3,2,1,0,0,0,0,0,0,0,0,0,0,2,4,6,0,4,9,14,9,4,0,0,0,0,4,8,12,8,4,0,0,2,4,7,4,2,0,0,0,0,2,5,8,11,15,19,6,4,2,0,2,5,8,5,2,0,0,0,0,31,62,93,1,0,0,0,0,0,0,0,0,0,2,4,7,62,117,172,4,2,1,0,1,2,3,2,1,0,3,6,10,45,80,116,6,4,2,0,2,4,6,4,2,0,0,0,0,4,8,13,2,1,0,0,0,0,0,3,6,10,7,4,1,0,0,0,7,4,2,0,0,0,0,0,1,2,3,4,6,4,2,0,0,0,1,2,1,0,0,0,0,0,0,0,0,0,0,0,0,1,2,3,2,2,2,1,0,0,0,1,2,1,1,1,2,2,2,3,2,2,2,1,0,0,0,0,0,0,0,0,0,0,0,0,0,0,1,2,4,6,4,2,1,1,1,1
0,3,7,11,7,3,0,2,4,7,4,2,0,0,0,0,0,0,0,1,0,0,0,2,4,6,10,15,20,13,6,0,8,6,4,2,5,8,12,8,4,0,0,0,0,17,34,52,0,0,0,0,2,4,6,4,2,0,34,68,103,150,197,245,0,4,9,14,9,4,0,3,7,11,81,152,223,231,240,249,0,0,0,0,0,1,2,23,45,67,129,192,255,230,205,181,18,12,6,0,0,0,0,29,58,88,143,199,255,221,188,155,0,1,2,4,3,2,1,23,45,67,129,192,255,224,194,164,0,2,4,6,4,2,0,8,16,25,96,167,239,235,231,227,0,0,0,0,0,0,0,1,2,3,54,105,157,189,222,255,9,6,3,1,2,3,5,3,1,0,5,11,17,62,107,152,0,1,2,4,2,1,0,4,8,13,8,4,0,0,0,0,0,4,8,13,8,4,0,0,0,0,0,0,1,3,5,7,0,0,0,1,2,3,5,7,9,12,8,4,0,0,0,0,20,13,6,0,0,0,0,0,0,0,0,0,0,0,0,0,0,0,0,0,4,8,12,8,4,0,4,8,12,9,6,4
2,3,4,5,3,1,0,0,0,1,0,0,0,2,4,7,0,0,1,2,3,4,5,3,1,0,1,2,3,4,6,8,9,6,3,0,0,0,0,1,2,3,5,7,10,6,3,0,1,0,0,0,1,2,3,2,1,0,0,0,0,16,32,48,0,5,10,15,10,5,1,0,0,0,8,17,26,86,146,207,0,1,2,3,2,1,0,0,1,2,29,57,85,141,198,255,1,0,0,0,2,5,8,8,8,9,35,62,89,139,190,241,5,3,1,0,4,8,13,8,4,0,35,70,106,155,205,255,0,3,6,10,6,3,0,0,1,2,18,34,50,113,177,241,0,1,3,5,4,3,3,2,1,0,0,0,0,45,90,135,7,4,2,0,0,0,0,3,6,9,6,3,0,0,0,0,6,4,2,0,1,2,3,2,1,0,0,1,2,1,0,0,0,0,0,0,4,9,14,9,4,0,3,7,11,7,3,0,15,10,5,0,0,0,0,0,0,0,1,2,3,2,1,1,0,0,0,0,4,8,12,11,10,10,6,3,0,0,0,0,1,0,0,0,0,0,0,1,2,4,2,1,0,0,1,2
0,0,0,0,2,4,6,4,2,0,3,6,9,9,9,9,15,10,5,0,0,0,0,0,0,1,0,0,0,0,0,0,0,0,0,0,5,10,16,13,11,9,6,3,0,17,34,51,0,0,0,0,6,12,19,12,6,0,17,35,53,97,141,185,16,10,5,0,0,0,0,3,7,11,70,129,189,127,66,5,0,3,7,11,7,3,0,15,30,45,76,107,138,95,53,11,0,0,1,2,1,0,0,19,38,57,80,103,126,84,42,0,0,0,0,0,1,3,5,19,33,48,77,107,137,92,47,2,0,0,1,2,2,3,4,2,1,0,61,123,185,123,61,0,0,3,7,11,7,3,0,1,2,4,45,87,129,112,96,80,14,9,4,0,0,0,0,0,0,0,5,11,17,56,95,134,0,0,0,0,7,14,22,14,7,0,0,0,0,7,15,23,20,13,6,0,1,2,4,6,8,11,7,3,0,0,0,0,0,7,14,21,14,7,0,1,2,3,8,13,18,15,12,9,0,2,4,7,4,2,0,2,4,6,4,2,0,0,0,0,4,2,1,0,1,3,5,3,1,0,2,4,7,4,2,0
7,4,2,0,2,5,8,5,2,0,2,4,6,4,2,0,0,2,4,6,4,2,0,4,8,12,8,4,0,0,1,2,0,3,6,9,6,3,1,0,0,0,0,0,0,0,0,0,9,6,3,0,1,2,3,2,1,0,0,0,0,2,4,6,0,4,9,14,9,4,0,0,0,0,4,8,13,67,122,177,14,10,6,3,2,1,0,0,1,2,10,19,28,61,94,128,2,1,0,0,2,4,6,4,2,0,29,58,88,100,112,124,0,2,4,7,4,2,0,0,0,0,25,50,76,84,92,100,6,4,2,0,3,6,9,6,3,0,4,8,12,65,118,172,0,5,10,15,10,5,0,0,0,0,3,6,9,44,79,115,0,6,12,19,12,6,0,0,0,0,0,0,0,0,0,0,0,0,0,0,0,0,1,1,2,3,7,11,16,12,8,5,12,8,4,0,2,5,8,5,2,0,0,0,0,0,0,0,0,1,2,4,2,1,0,4,8,13,8,4,0,2,4,6,0,1,3,5,3,1,0,1,2,3,2,1,1,2,3,4,5,3,1,0,3,7,11,7,3,0,0,0,0,0,0,0
0,0,0,0,2,4,7,5,3,2,1,0,0,0,0,1,8,16,24,32,21,10,0,0,0,0,4,8,12,8,4,0,0,0,0,0,0,0,0,0,1,2,1,0,0,6,13,20,8,6,4,3,7,11,15,10,5,0,39,78,118,150,182,214,4,2,1,0,0,0,0,3,6,10,86,163,240,207,175,143,1,6,11,17,11,5,0,3,7,11,92,173,255,208,162,116,1,0,0,0,0,0,0,19,38,57,123,189,255,200,145,90,2,1,0,0,3,6,10,22,35,48,117,186,255,206,157,108,0,0,0,0,0,0,0,8,16,24,100,176,252,220,188,156,4,9,14,19,12,6,0,2,4,7,63,119,175,194,214,234,0,2,5,8,5,2,0,0,0,0,6,12,18,52,87,122,5,3,1,0,3,7,11,7,3,0,0,0,0,0,0,0,4,2,1,0,1,2,3,5,8,11,8,5,2,7,12,17,0,2,5,8,6,4,3,2,1,0,0,0,0,1,2,4,9,9,9,9,6,3,0,1,2,3,3,3,3,3,3,4,0,0,0,0,3,6,9,6,3,1,0,0,0,0,0,0
0,0,0,0,1,2,3,5,8,11,7,3,0,1,2,3,8,10,12,14,9,4,0,0,0,0,1,2,3,3,3,4,0,0,0,0,0,1,2,2,3,4,7,10,14,9,4,0,1,0,0,0,3,6,9,6,3,0,0,0,0,34,69,104,0,0,0,0,0,0,0,0,0,0,26,52,79,128,177,227,0,4,8,12,8,4,0,0,0,0,39,78,117,163,209,255,0,0,0,1,0,0,0,0,1,2,39,77,115,156,198,240,0,0,0,1,4,7,10,6,3,0,26,52,78,137,196,255,1,0,0,0,1,2,4,2,1,0,2,5,8,46,85,124,4,4,4,4,4,4,4,2,1,0,0,0,0,0,0,0,0,1,2,4,2,1,0,0,0,0,7,14,22,17,12,7,0,5,10,15,10,5,0,0,0,0,1,2,4,2,1,0,0,1,2,3,4,5,7,4,2,0,0,0,0,2,4,6,10,6,3,0,0,0,0,0,1,2,1,0,0,0,0,0,0,0,0,0,0,1,2,5,9,13,10,7,5,3,1,0,0,2,4,6,4,2,1,0,0,0,0,0,0,0,0,0
0,2,4,6,6,6,7,4,2,0,6,13,20,13,6,0,8,5,2,0,0,0,0,5,10,16,10,5,0,3,7,11,0,2,5,8,6,5,4,2,1,0,30,60,91,131,171,212,0,4,8,12,8,4,0,35,70,105,154,203,253,190,128,66,0,0,0,0,7,15,23,94,165,236,197,158,120,82,45,8,5,3,2,1,21,41,62,126,190,255,178,101,25,16,8,0,10,6,3,0,28,57,86,142,198,255,175,95,15,10,5,0,0,2,4,7,25,43,62,126,190,255,177,100,23,15,7,0,11,7,3,0,2,4,6,87,168,249,199,149,100,68,36,5,0,5,10,15,10,5,0,34,68,102,151,200,250,197,145,93,0,0,0,0,5,10,15,10,5,0,31,62,94,129,164,199,0,0,0,1,0,0,0,1,2,3,2,2,2,1,1,1,0,0,0,0,2,4,7,4,2,0,0,1,2,1,0,0,2,3,4,6,4,2,0,0,0,0,5,10,16,10,5,0,0,1,2,4,2,1,0,2,4,7,4,2,0,0,0,0,10,6,3,0,2,4,7,4,2,0,3,6,9,6,3,0
0,0,0,0,4,8,13,8,4,0,0,0,0,1,2,4,0,4,8,13,8,4,0,1,3,5,6,7,8,5,2,0,0,3,6,10,6,3,0,0,0,0,3,7,11,7,3,0,10,6,3,0,3,6,10,6,3,0,0,0,0,18,36,54,0,3,6,9,6,3,0,0,0,0,3,7,11,88,165,243,0,0,0,0,0,0,1,4,8,12,35,58,82,135,188,241,7,4,2,0,4,8,12,8,4,0,36,72,108,148,189,230,0,0,0,0,2,4,6,5,5,5,35,65,95,145,195,245,2,2,2,3,2,1,0,3,7,11,13,15,18,94,170,247,1,0,0,0,2,5,8,5,2,0,0,0,0,30,61,92,10,6,3,0,0,0,0,2,4,7,11,16,21,14,7,0,0,5,11,17,11,5,0,1,2,4,2,1,0,0,0,0,0,2,5,8,5,2,0,1,2,4,2,1,0,2,4,6,5,5,6,7,8,9,10,7,4,2,1,1,1,0,0,0,0,0,0,0,0,0,0,0,0,0,0,1,2,4,7,10,0,2,4,6,4,2,0,5,10,16,10,5,0,0,0,0
0,2,4,6,4,2,0,3,6,10,6,3,0,0,0,1,13,8,4,0,0,0,0,0,0,0,0,0,1,0,0,0,0,5,11,17,12,8,4,2,1,0,0,1,2,2,2,2,3,2,1,1,0,0,0,0,0,0,2,4,6,61,116,171,0,0,0,0,4,8,12,9,6,3,32,61,91,142,193,244,13,8,4,0,0,0,0,1,2,3,81,159,237,242,248,254,0,0,0,0,5,10,16,33,50,67,126,185,245,245,246,247,6,4,2,0,0,0,0,35,70,105,153,202,251,252,253,255,0,3,6,10,6,3,0,28,56,85,141,198,255,237,220,203,9,6,3,0,2,5,8,10,13,16,95,174,253,242,232,222,0,8,16,25,16,8,0,0,0,1,21,42,63,112,161,211,0,0,0,0,3,6,10,6,3,0,9,18,27,50,74,98,0,3,7,11,7,3,0,1,2,3,2,1,0,31,63,95,2,2,3,4,6,8,10,8,6,4,2,1,0,0,0,0,0,0,0,0,3,6,10,6,3,0,4,8,13,10,7,5,10,7,5,3,2,1,0,4,8,13,8,4,0,2,4,6
5,3,1,0,0,0,0,0,0,0,4,8,12,8,4,0,11,7,3,0,2,4,6,4,2,0,0,0,1,1,1,2,0,1,3,5,6,8,10,6,3,0,1,3,5,5,5,5,0,0,0,0,0,0,1,3,6,9,6,3,0,3,7,11,8,5,2,0,0,0,0,0,0,0,0,0,1,63,125,187,0,0,0,0,1,2,3,9,15,22,43,65,87,133,180,227,2,6,10,14,9,4,0,0,0,0,53,106,159,191,223,255,2,1,0,0,1,3,5,5,6,7,66,125,184,206,228,250,0,1,3,5,3,1,0,0,0,0,34,68,103,152,201,250,2,1,0,0,4,8,12,13,14,16,10,5,0,3,6,9,12,8,4,0,0,0,0,0,1,2,2,2,2,6,10,15,0,3,7,11,13,16,19,12,6,0,0,0,0,14,28,42,2,2,2,2,1,0,0,0,0,0,1,3,5,3,1,0,10,6,3,0,0,0,0,0,0,0,2,4,7,4,2,0,0,1,2,3,2,1,0,0,0,1,1,1,1,3,5,7,0,1,3,5,3,2,1,0,0,0,0,0,0,1,2,3
0,1,2,4,2,1,0,0,1,2,1,0,0,0,0,0,0,0,0,0,0,0,0,4,8,12,10,8,7,5,3,2,8,7,6,6,4,2,0,0,0,0,0,0,0,0,0,0,0,0,0,0,0,0,0,1,2,4,2,1,0,5,11,17,0,0,0,1,0,0,0,1,2,4,2,1,0,2,5,8,1,0,0,0,0,0,0,2,4,7,8,9,11,26,41,57,10,8,6,5,3,1,0,0,0,0,0,0,0,21,42,63,0,1,2,3,2,1,1,3,5,8,5,2,0,26,53,80,1,2,3,4,2,1,0,1,2,4,2,1,0,36,72,109,0,1,2,3,2,1,0,0,0,0,0,0,0,21,42,64,0,0,0,0,0,0,0,2,4,7,14,21,29,40,51,63,2,3,4,6,5,4,3,2,1,0,10,21,32,33,35,37,3,4,5,6,4,2,0,0,0,0,5,10,15,11,8,5,0,0,0,0,0,0,0,0,0,0,3,7,11,8,5,3,2,2,3,4,2,1,0,1,2,3,2,1,0,0,0,0,4,3,2,2,1,0,0,2,5,8,5,2,0,1,2,4
0,0,0,1,0,0,0,0,1,2,1,0,0,0,0,0,7,6,5,5,3,1,0,0,0,0,0,1,2,1,0,0,0,0,0,0,0,0,0,0,0,0,2,5,8,7,6,6,5,3,1,0,2,4,7,4,2,0,2,4,6,4,2,0,3,3,3,3,4,6,8,5,2,0,1,2,3,2,1,0,0,0,0,0,0,0,0,0,0,0,0,1,2,4,6,8,6,7,8,10,6,3,0,1,2,3,2,1,0,0,0,0,0,2,4,6,4,2,0,2,5,8,5,2,0,0,0,0,0,3,6,9,7,5,3,2,1,0,0,0,1,0,0,0,0,0,0,0,0,0,0,0,0,0,1,2,3,14,25,36,6,4,2,0,0,0,0,1,2,3,2,1,0,18,36,55,0,0,0,0,1,3,5,5,5,5,3,1,0,10,20,30,0,1,2,3,3,3,4,2,1,0,0,0,0,0,0,0,2,1,1,1,0,0,0,0,0,0,2,5,8,5,2,0,4,2,1,0,0,0,0,0,0,0,2,4,6,5,4,3,1,0,0,0,4,8,12,8,4,1,0,0,0,1,3,5
1,6,11,16,10,5,0,3,6,9,6,3,0,1,2,3,0,0,0,0,0,0,0,4,8,12,9,6,3,2,1,1,5,3,1,0,0,1,2,2,3,4,2,1,0,1,2,4,3,2,1,1,0,0,0,0,0,0,1,2,3,42,81,121,0,2,4,6,4,2,0,0,0,0,3,6,10,85,161,237,0,3,6,9,6,3,0,0,0,0,0,0,0,80,161,242,0,0,0,0,2,4,7,8,9,11,8,5,2,80,158,237,5,3,1,0,2,5,8,5,2,0,0,0,0,81,162,244,0,0,0,1,1,1,1,0,0,0,0,0,0,82,165,248,1,0,0,0,0,0,0,2,4,7,4,2,0,81,162,244,0,0,0,0,0,0,0,6,13,20,13,6,0,83,166,249,0,5,10,15,10,5,0,0,0,0,0,0,0,80,160,240,5,3,1,0,3,6,9,11,14,17,11,5,0,0,0,0,0,0,0,0,0,0,0,0,0,0,4,8,12,12,12,12,7,5,3,1,0,0,0,0,0,0,0,0,0,0,0,0,3,2,1,0,0,0,0,4,8,12,8,4,0,0,0,0
0,0,0,0,0,0,0,6,12,19,14,10,6,4,2,0,4,3,2,1,0,0,0,0,0,0,0,0,0,1,3,5,0,0,0,0,2,5,8,5,2,0,0,0,0,0,0,1,1,0,0,0,1,2,4,5,6,7,7,7,8,5,2,0,0,5,11,17,11,5,0,0,0,0,3,6,9,9,10,11,0,4,8,12,8,4,0,0,0,0,3,6,9,15,22,29,2,1,0,0,0,0,0,2,4,6,4,2,0,0,0,1,4,2,1,0,3,6,9,6,3,0,0,0,0,10,21,32,0,0,0,0,3,6,10,6,3,0,2,5,8,10,13,16,5,4,3,3,2,1,0,0,0,1,0,0,0,2,5,8,0,0,0,0,0,0,0,3,6,10,7,4,2,13,24,36,9,6,3,1,1,1,2,1,0,0,0,0,0,0,0,0,0,0,0,0,1,2,3,3,3,3,7,11,16,13,10,7,0,2,4,6,4,2,0,2,4,7,4,2,0,0,0,0,0,3,6,9,6,3,0,0,0,1,0,0,0,0,0,0,0,0,0,1,1,1,1,0,0,0,6,12,19,12,6,0
0,1,2,3,3,3,3,2,1,0,0,0,1,2,3,5,3,2,1,0,1,2,4,6,9,12,8,4,0,0,0,0,0,0,0,0,0,0,0,4,9,14,9,4,0,0,0,1,4,5,6,7,4,2,0,0,1,2,21,40,60,64,68,72,0,0,0,0,1,2,4,20,37,54,121,188,255,254,254,254,12,9,6,3,2,1,1,16,31,47,116,185,255,216,177,138,0,0,0,0,0,0,0,17,34,52,119,187,255,214,173,132,0,2,4,7,5,3,1,16,31,46,113,181,249,233,217,202,0,1,2,4,3,2,2,17,32,48,117,186,255,251,247,243,1,5,9,13,9,5,1,13,25,37,109,181,254,215,176,138,0,0,0,0,2,4,7,27,47,68,129,191,253,206,160,114,4,4,4,4,2,1,0,19,38,58,122,187,252,216,180,144,6,4,2,0,0,0,0,0,1,2,2,2,2,1,0,0,0,4,8,13,8,4,0,0,0,0,0,0,0,5,10,16,3,2,1,0,2,4,7,7,7,8,5,2,0,0,0,0,0,0,0,0,0,0,0,0,0,0,3,6,10,6,3,0
0,2,4,6,4,2,0,2,4,7,4,2,0,4,8,13,1,3,6,9,6,3,1,1,1,2,1,0,0,0,0,0,0,0,0,0,1,2,3,3,4,5,4,4,4,7,10,13,4,2,1,0,0,0,0,0,0,0,0,1,2,2,2,2,8,5,2,0,0,0,0,0,0,0,0,0,0,4,8,13,0,0,0,1,0,0,0,0,0,0,2,4,6,21,37,53,0,2,4,7,4,2,0,0,0,0,0,0,0,14,28,43,0,2,4,7,4,2,0,1,2,4,2,1,0,10,21,32,1,0,0,0,2,4,6,4,2,0,2,4,6,16,27,38,7,5,4,3,2,1,0,1,2,4,2,1,0,11,22,33,0,0,0,0,0,0,0,5,10,16,10,5,0,18,36,55,12,9,6,3,3,4,5,3,1,0,0,0,0,0,0,0,0,0,0,0,1,2,4,5,6,7,6,6,6,7,8,10,0,1,2,3,2,1,0,4,8,13,8,4,0,0,0,0,3,4,5,7,4,2,0,2,4,7,4,2,0,0,0,0,4,2,1,0,0,0,0,0,0,0,5,10,15,12,9,7
4,2,1,0,1,3,5,5,5,6,4,2,0,0,0,0,1,0,0,0,0,0,0,2,4,6,6,6,7,4,2,0,2,2,3,4,2,1,0,0,0,0,0,0,0,0,0,0,0,1,3,5,3,1,0,0,0,0,0,0,1,37,73,109,0,1,2,4,2,1,0,0,0,0,3,7,11,85,160,235,2,3,4,5,3,1,0,1,2,4,2,1,0,82,164,247,0,1,2,3,2,1,0,3,7,11,7,3,0,81,162,243,0,3,7,11,7,3,0,1,2,3,2,1,0,83,167,251,0,3,6,10,7,4,2,1,0,0,0,0,0,85,170,255,4,2,1,0,0,0,0,3,6,9,6,3,0,77,154,232,0,2,5,8,5,2,0,6,12,18,12,6,0,85,170,255,13,12,11,10,6,3,0,0,0,0,0,1,2,71,141,211,0,0,0,0,4,8,13,13,14,15,10,5,0,5,10,15,9,6,3,0,0,0,0,0,0,0,5,10,16,10,5,0,5,4,4,4,4,4,5,3,1,0,0,0,0,0,0,0,2,1,0,0,0,0,0,3,6,10,6,3,0,3,6,9
5,3,1,0,2,4,7,7,8,9,7,5,4,2,1,0,14,9,4,0,0,0,0,0,0,0,0,0,0,1,3,5,0,0,1,2,6,10,15,11,8,5,3,1,0,0,0,0,8,6,4,3,2,1,0,0,0,0,0,0,0,0,0,0,0,0,0,0,0,0,0,3,6,10,9,8,7,4,2,0,0,1,2,3,2,1,0,0,0,1,0,0,0,12,25,38,2,1,0,0,0,0,0,1,2,4,4,4,5,11,18,25,0,0,0,1,1,1,1,1,2,3,2,1,0,7,14,21,6,4,2,0,0,0,0,3,7,11,7,3,0,12,24,36,0,2,5,8,6,4,2,1,0,0,0,0,0,5,11,17,0,0,0,0,2,4,7,8,10,12,8,4,0,12,25,38,0,8,16,25,16,8,0,0,0,0,0,0,0,0,0,0,3,2,1,0,0,0,0,5,10,16,11,7,3,5,7,10,0,2,4,6,4,2,0,0,0,0,5,11,17,11,5,0,7,4,2,0,2,4,7,5,4,3,2,1,0,0,0,0,0,0,0,1,2,3,5,3,1,0,1,3,5,8,11,14
8,5,2,0,0,0,0,4,8,13,8,4,0,0,0,0,0,1,3,5,6,7,8,5,2,0,0,0,0,0,1,2,0,0,1,2,2,2,3,2,1,0,6,12,18,14,10,6,0,1,3,5,7,10,13,8,4,0,0,0,0,0,0,0,3,2,1,0,0,0,0,0,1,2,5,8,11,7,3,0,0,2,5,8,5,3,1,0,0,0,0,0,0,5,10,15,5,3,1,0,0,0,0,0,0,0,3,6,9,31,53,76,1,0,0,0,1,2,4,2,1,0,1,2,4,42,80,118,0,0,1,2,2,2,2,4,6,8,6,4,2,60,119,178,4,2,1,0,0,0,0,0,0,0,2,4,6,84,162,240,10,11,12,14,10,7,4,6,8,11,14,17,21,80,140,200,0,1,2,3,2,1,0,0,0,0,0,0,0,8,16,25,7,8,10,12,8,4,0,3,6,9,8,8,8,5,2,0,0,0,0,0,0,0,0,0,1,2,1,0,0,0,0,1,0,0,0,1,1,2,3,2,1,1,0,0,0,5,10,16,0,4,9,14,9,4,0,0,0,0,4,8,13,9,5,1
0,2,4,7,5,3,2,1,0,0,1,2,3,4,6,8,0,0,0,0,1,2,3,2,1,1,3,5,8,5,2,0,4,2,1,0,0,0,0,1,2,4,3,2,1,0,0,0,0,0,0,0,0,0,0,2,4,6,6,6,7,4,2,0,0,0,1,2,1,0,0,0,0,0,0,0,0,1,2,3,0,2,4,7,4,2,0,0,0,0,0,0,0,0,0,0,0,0,0,0,0,0,0,1,3,5,5,5,5,6,8,10,4,2,1,0,0,0,0,0,0,0,0,0,0,0,0,0,0,2,5,8,5,2,0,2,5,8,6,4,2,7,12,17,0,0,1,2,1,0,0,0,0,0,0,0,0,28,56,85,0,1,3,5,5,5,6,7,8,10,11,12,14,50,86,123,0,0,0,0,0,0,0,0,0,0,0,0,0,5,10,15,10,8,6,4,4,4,4,5,6,8,6,4,3,2,1,0,0,0,0,0,0,0,0,2,4,7,4,2,0,4,9,14,8,6,4,3,2,1,0,3,6,10,6,3,0,5,11,17,0,2,4,7,4,2,0,1,2,3,5,7,10,6,3,0
6,4,2,0,2,5,8,5,2,0,0,0,0,4,8,13,0,2,4,7,6,5,5,3,1,0,3,6,10,6,3,0,1,5,10,15,10,5,0,0,0,0,0,0,0,2,4,7,2,1,0,0,0,0,0,3,6,9,6,3,0,48,97,146,0,0,0,0,1,2,4,7,10,14,9,4,0,85,170,255,0,3,6,9,7,5,3,2,1,0,0,0,0,84,168,252,3,2,1,0,0,0,0,0,0,0,3,7,11,90,170,250,10,6,3,0,0,1,2,3,5,7,4,2,0,85,170,255,1,2,4,6,4,2,0,0,0,1,4,7,11,89,168,247,0,0,0,0,1,2,4,2,1,0,0,0,0,82,165,248,0,2,4,7,7,7,8,5,2,0,5,10,16,95,175,255,11,7,3,0,1,2,3,2,1,0,0,0,0,80,160,240,8,5,2,0,0,0,0,5,11,17,11,5,0,0,0,0,0,0,0,0,0,0,0,1,3,5,3,1,0,5,11,17,0,6,12,19,12,6,0,0,0,0,1,2,4,2,1,0,0,0,0,0,1,2,4,3,2,1,1,1,2,1,0,0
3,2,1,0,0,0,0,4,8,12,8,4,0,0,0,0,0,2,4,7,7,7,8,5,2,0,0,0,0,7,14,22,0,0,0,0,3,7,11,7,3,0,1,3,5,4,4,4,1,0,0,0,0,1,2,1,0,0,3,6,10,6,3,0,4,3,2,2,1,0,0,0,0,0,0,0,1,7,13,20,3,2,2,2,1,0,0,1,3,5,3,1,0,9,18,28,0,0,0,0,2,4,6,7,8,10,8,6,5,10,15,20,0,1,2,4,5,6,8,5,2,0,2,5,8,19,31,43,0,0,1,2,1,1,1,0,0,0,0,0,0,6,12,19,0,0,1,2,1,0,0,1,3,5,6,7,8,17,26,36,11,8,5,2,1,0,0,0,0,0,0,0,0,16,32,49,0,0,0,0,1,2,3,8,13,18,12,6,0,0,0,0,7,5,4,3,2,1,0,1,2,3,2,1,0,0,0,0,3,2,1,0,0,0,0,2,4,6,4,2,0,1,2,4,0,0,0,0,0,0,0,2,5,8,7,6,5,5,6,7,7,5,4,3,2,1,0,0,0,1,0,0,0,0,1,2
4,2,1,0,1,2,3,2,1,0,0,0,0,1,2,3,5,4,3,2,4,6,9,6,4,2,2,3,4,2,1,0,0,1,2,4,2,1,0,0,0,0,0,0,0,0,0,0,9,10,12,14,9,4,0,0,0,0,5,10,15,52,90,128,0,0,0,0,0,0,0,1,2,3,3,3,4,55,106,157,9,10,11,12,9,6,3,2,1,0,0,0,0,61,122,183,0,0,0,0,0,0,0,0,0,0,1,2,4,62,120,178,3,4,5,6,5,4,4,2,1,0,6,12,19,71,123,176,0,2,4,6,4,2,0,0,0,0,5,10,15,72,129,186,0,2,4,6,6,7,8,5,2,0,0,0,0,55,111,167,2,1,0,0,0,0,1,1,2,3,4,5,7,65,123,182,7,4,2,0,0,0,0,0,0,0,4,9,14,57,100,143,0,1,2,3,3,3,3,2,1,0,0,0,0,9,19,29,0,0,0,0,0,0,1,1,1,1,0,0,0,0,0,0,4,2,1,0,0,0,0,1,2,3,5,7,10,8,6,4,3,2,1,0,2,4,6,4,3,2,1,0,0,0,1,2
0,3,7,11,8,5,3,2,1,0,0,1,2,1,0,0,0,1,2,4,3,2,1,1,1,2,5,8,12,8,4,0,7,5,4,3,2,1,0,0,0,0,1,3,5,4,3,3,1,0,0,0,0,0,0,2,5,8,5,2,0,0,0,0,0,0,0,0,0,1,2,4,6,8,5,2,0,0,0,0,5,3,1,0,0,0,0,0,0,0,0,0,0,6,12,18,0,0,0,0,0,1,2,3,4,6,5,5,5,5,5,6,5,3,1,0,0,0,0,0,0,0,0,0,0,0,0,0,0,0,0,0,1,2,3,2,1,0,5,10,16,10,5,0,1,3,5,7,5,3,1,0,0,0,0,0,0,0,0,0,0,2,4,6,4,2,0,0,0,0,0,0,0,0,0,0,0,0,0,0,2,4,6,4,2,0,2,4,6,5,4,3,0,0,0,0,2,5,8,5,2,0,3,6,9,6,4,2,0,0,0,0,0,0,0,2,4,7,4,2,0,0,0,0,0,0,0,0,0,0,0,1,2,3,2,1,0,0,0,0,7,4,2,0,1,2,4,2,1,0,6,12,18,12,7,2
1,0,0,0,1,2,3,2,1,0,2,4,7,5,3,1,0,3,7,11,7,3,0,2,5,8,5,2,0,0,0,0,0,2,5,8,5,2,0,1,2,4,3,3,3,2,1,0,2,2,2,3,6,9,13,17,22,27,50,74,98,111,125,139,0,0,0,0,0,0,0,4,9,14,47,80,114,158,202,246,13,10,8,6,4,2,0,8,17,26,46,66,87,143,199,255,0,0,0,0,0,0,0,4,9,14,34,55,76,134,193,252,2,2,2,2,2,3,4,2,1,0,32,64,96,149,202,255,0,0,0,1,1,1,2,1,0,0,32,64,96,146,196,246,0,0,1,2,1,0,0,1,2,3,32,62,92,145,199,253,8,5,2,0,3,6,9,6,3,0,31,62,93,147,201,255,0,2,4,7,4,2,0,15,30,45,89,133,178,194,210,227,3,2,1,0,6,13,20,13,6,0,0,0,1,0,0,0,9,6,3,0,0,0,0,6,12,18,16,14,13,8,4,0,12,8,4,0,0,1,2,1,0,0,0,0,0,3,6,10,0,2,5,8,5,3,1,0,0,0,3,6,9,6,3,0
0,0,0,0,0,1,2,1,0,0,1,2,4,2,1,0,1,0,0,0,3,7,11,11,11,11,7,3,0,0,0,0,1,4,7,11,7,3,0,0,0,0,2,5,8,11,14,18,0,0,0,0,4,8,13,13,13,13,8,4,0,0,1,2,14,10,6,3,2,1,0,0,0,0,5,10,15,10,5,0,0,2,5,8,8,9,10,6,3,0,0,0,0,36,72,108,3,2,2,2,1,0,0,2,5,8,5,2,0,0,0,1,9,6,3,0,0,0,0,3,6,10,6,3,0,0,0,0,0,0,0,0,0,0,0,0,0,1,0,0,0,0,0,0,0,0,0,0,0,0,0,3,6,9,8,7,6,9,12,16,11,8,5,3,2,1,0,0,0,0,2,4,7,25,43,61,0,2,4,6,6,6,6,6,6,6,4,2,0,0,0,0,1,2,3,5,3,1,0,0,0,0,0,0,0,0,0,0,0,0,0,0,0,0,0,0,0,0,2,5,8,9,10,12,4,3,2,2,1,0,0,0,0,0,0,0,1,0,0,0,0,0,0,0,0,0,0,0,0,0,2,4,7,4,2,0
9,6,3,0,0,0,0,1,3,5,4,4,4,2,1,0,0,0,0,0,0,0,0,2,5,8,5,2,0,0,0,0,0,2,4,7,4,2,0,1,2,3,2,1,0,5,10,15,0,3,6,10,6,3,0,0,0,0,0,0,0,58,117,176,0,0,0,0,0,0,0,3,6,9,6,4,2,64,126,189,2,1,0,0,1,3,5,3,1,0,0,0,0,65,130,196,4,2,1,0,1,2,4,2,1,0,1,3,5,64,124,184,0,1,2,3,5,8,11,7,3,0,0,0,1,64,127,191,0,1,2,4,3,2,2,1,0,0,2,5,8,66,125,184,2,1,0,0,0,1,2,1,0,0,1,2,4,65,127,189,7,4,2,0,3,6,9,7,6,5,4,3,2,57,112,168,0,1,2,4,4,4,4,2,1,0,4,8,13,72,132,192,6,4,2,0,1,3,5,7,10,13,8,4,0,0,0,0,0,2,5,8,5,2,0,0,0,0,1,2,3,8,13,19,0,1,2,3,4,5,6,4,2,0,0,0,0,0,0,0,3,2,1,0,2,4,7,4,2,0,0,0,0,1,2,3
0,0,0,0,2,5,8,8,8,8,5,2,0,0,0,0,10,6,3,0,2,4,7,4,2,0,0,0,0,4,8,13,0,0,0,0,0,0,0,5,10,15,11,7,4,6,9,12,2,2,2,3,5,8,11,7,3,0,0,0,0,0,0,0,2,1,0,0,0,0,0,8,16,25,19,13,7,5,3,2,5,4,3,3,3,4,5,3,1,0,0,1,2,4,7,10,0,3,6,9,6,3,0,2,4,6,4,2,0,0,0,0,0,4,8,13,8,4,0,0,0,0,1,2,3,9,15,21,0,0,1,2,4,7,10,6,3,0,1,3,5,4,3,3,8,6,4,2,1,0,0,1,2,3,2,1,0,0,0,0,0,0,0,0,0,0,0,5,10,15,13,11,10,14,18,22,6,6,6,6,6,6,6,4,2,0,0,0,0,0,0,0,0,0,0,0,2,4,7,4,2,0,2,5,8,7,6,6,6,4,2,0,0,0,0,4,8,13,8,4,0,0,0,0,6,4,2,1,0,0,0,3,7,11,7,3,0,0,0,0,0,0,0,0,3,7,11,7,3,0,3,7,11,8,5,3
7,4,2,0,2,4,6,4,2,0,8,16,24,16,8,0,0,0,0,1,4,7,11,7,3,0,0,0,0,0,0,0,10,6,3,0,0,0,0,3,6,10,6,3,0,0,0,0,0,3,7,11,11,11,11,16,21,27,61,95,130,169,208,248,0,0,0,1,0,0,0,0,0,0,50,100,151,185,220,255,15,10,5,0,0,1,2,6,10,15,78,142,206,215,224,233,0,0,0,0,0,0,0,9,18,27,102,177,253,253,254,255,4,3,2,2,3,4,6,23,40,58,123,189,255,250,245,241,3,2,1,0,1,2,3,48,93,139,176,213,250,223,196,170,6,4,2,0,0,0,0,58,116,175,201,228,255,212,169,127,3,2,1,0,8,16,24,96,169,242,246,250,255,189,123,57,0,10,20,31,49,67,85,141,198,255,250,245,241,181,122,63,0,1,2,4,2,1,0,4,8,13,13,13,14,9,4,0,5,4,4,4,3,3,3,2,1,0,0,0,0,5,10,15,8,5,2,0,0,0,0,0,0,0,0,0,0,0,0,0,0,1,3,5,4,3,3,2,1,0,1,3,5,4,3,2
6,4,2,0,0,0,1,0,0,0,0,0,0,0,0,0,5,3,1,0,0,0,0,0,0,1,1,2,3,2,1,0,0,0,0,0,1,3,5,4,3,3,2,1,0,1,2,3,0,0,0,1,0,0,0,0,0,1,0,0,0,0,1,2,4,3,2,2,1,0,0,0,0,1,2,3,5,4,3,3,0,2,4,6,5,4,3,3,3,4,2,1,0,1,2,4,0,2,4,7,6,6,6,4,3,2,1,0,0,2,5,8,4,4,4,4,2,1,0,0,0,0,2,4,7,9,11,14,0,2,5,8,5,2,0,0,0,0,1,2,4,27,50,74,4,2,1,0,0,0,0,7,14,22,14,7,0,42,85,128,0,0,0,1,0,0,0,0,0,0,0,0,0,69,139,209,8,5,2,0,0,0,0,11,23,35,23,11,0,0,0,0,0,5,10,16,10,5,0,0,0,0,1,2,3,8,14,20,0,0,0,1,3,6,9,6,3,0,0,1,2,1,1,1,0,0,0,0,2,4,6,6,7,8,6,4,2,1,0,0,0,3,6,10,6,3,0,0,0,0,1,2,3,3,3,4
7,4,2,0,0,1,2,1,0,0,0,1,2,1,0,0,0,0,0,0,0,0,0,0,0,1,0,0,0,3,7,11,2,1,0,0,0,0,0,8,16,25,16,8,0,0,0,0,3,2,1,0,4,8,12,8,4,0,3,6,9,10,11,13,3,2,1,0,0,0,0,0,1,2,3,4,5,8,12,16,0,5,11,17,15,13,12,8,4,0,2,4,6,29,53,77,0,3,6,9,6,3,0,3,7,11,7,3,0,12,25,38,6,4,2,0,1,2,4,2,1,0,2,4,7,5,3,1,0,0,0,0,0,0,1,0,0,0,0,0,0,1,2,4,9,6,3,0,0,0,0,3,7,11,14,17,20,16,13,10,12,8,4,0,0,0,0,2,5,8,14,21,28,28,29,30,0,0,0,0,0,0,0,0,0,1,11,22,33,47,61,76,2,5,9,13,10,7,5,3,1,0,0,0,0,3,7,11,0,0,0,0,1,2,3,3,3,4,3,2,1,0,0,0,2,1,0,0,0,0,0,1,3,5,3,1,0,0,0,0,0,0,1,2,1,0,0,0,0,0,0,0,0,2,4,7
7,4,2,0,0,0,0,0,0,1,0,0,0,0,0,0,0,0,0,0,2,4,6,4,3,2,1,0,0,1,2,3,4,2,1,0,0,0,1,2,3,4,2,1,0,0,0,0,10,6,3,0,0,0,0,1,2,3,2,1,0,0,0,0,0,0,0,0,1,3,5,3,1,0,0,0,0,4,8,12,0,2,4,6,6,7,8,5,2,0,1,2,4,18,32,46,0,1,2,3,2,1,0,0,0,0,4,8,12,24,36,48,5,3,1,0,0,0,0,0,0,0,0,0,0,7,15,23,0,0,0,0,0,0,0,0,0,0,0,0,1,1,1,1,0,0,0,0,0,0,0,0,0,0,5,10,15,19,23,28,5,5,5,6,4,2,0,0,0,0,10,20,30,42,55,68,0,0,0,0,0,0,0,0,0,0,0,0,0,4,8,12,6,6,7,8,9,10,12,12,12,12,9,6,4,2,1,0,0,0,0,0,0,0,0,0,1,2,3,4,5,3,1,0,12,9,6,3,2,1,0,0,0,0,0,0,0,0,0,0,0,0,0,1,3,5,7,5,3,2,1,0,0,0,0,1
0,4,8,13,8,4,0,2,4,6,8,10,12,8,4,0,0,0,0,0,1,2,3,2,1,0,0,0,0,1,2,3,14,9,4,0,0,1,2,1,0,0,2,4,7,4,2,0,0,0,0,0,0,0,0,2,4,7,4,2,0,11,23,35,8,6,4,2,2,3,4,3,3,3,6,9,13,85,157,229,0,0,0,0,0,0,0,0,0,0,29,59,89,140,192,244,14,9,4,0,6,13,20,13,6,0,11,22,33,107,181,255,0,3,7,11,7,3,0,0,0,0,7,14,21,48,75,103,6,4,2,0,3,6,9,6,3,0,0,0,1,3,5,8,0,0,0,0,2,5,8,5,2,0,2,4,6,6,6,6,8,5,2,0,0,0,0,0,0,1,22,44,66,82,98,115,9,6,3,0,0,0,0,0,0,0,32,64,96,135,174,213,0,0,1,2,5,8,11,7,3,0,1,3,5,11,17,24,0,0,0,0,0,0,0,0,0,0,0,0,0,0,0,0,9,6,3,0,0,0,0,1,2,3,4,6,8,8,8,8,0,0,0,0,1,2,4,4,5,6,4,2,0,0,0,0
2,1,0,0,3,6,9,6,4,2,1,0,0,2,4,6,0,1,3,5,3,1,0,0,0,0,3,6,10,6,3,0,1,0,0,0,1,2,4,3,2,1,0,0,0,0,0,0,13,8,4,0,1,3,5,3,1,0,1,2,4,2,1,0,0,1,3,5,3,1,0,0,0,0,0,0,0,0,0,0,0,5,10,16,10,5,0,1,2,4,2,1,0,19,39,59,3,2,1,0,0,0,0,3,6,10,10,10,10,36,63,90,0,0,0,0,3,6,9,6,3,0,0,0,1,3,6,9,3,2,1,1,0,0,0,0,0,0,2,4,6,4,2,0,1,0,0,0,3,6,9,7,6,5,3,1,0,17,34,51,6,4,2,0,3,6,10,8,6,5,3,1,0,33,66,100,2,1,0,0,0,0,0,2,4,6,4,2,0,0,0,0,0,3,6,9,6,3,0,0,0,0,5,11,17,15,13,11,0,2,4,7,7,7,7,4,2,0,0,0,0,0,0,0,8,5,2,0,0,0,0,3,6,10,8,7,6,4,2,1,0,2,4,6,4,2,1,0,0,0,0,0,0,1,2,3
0,1,3,5,5,6,7,5,4,3,2,1,0,4,8,12,1,0,0,0,0,0,0,0,0,0,0,0,1,0,0,0,9,7,5,3,2,1,0,4,8,12,13,14,16,10,5,0,0,0,0,0,0,0,0,1,2,3,2,1,0,1,3,5,15,11,8,5,4,3,2,1,0,0,1,2,3,61,120,179,0,0,0,0,0,1,2,3,4,6,21,37,53,118,184,250,16,10,5,0,0,0,0,2,4,6,22,38,55,118,182,246,3,2,1,0,1,3,5,3,1,0,0,0,0,49,98,148,3,2,1,0,0,0,0,0,1,2,1,0,0,2,5,8,0,2,5,8,9,11,13,9,6,3,11,20,29,48,67,86,0,0,0,0,0,0,0,1,3,5,38,71,105,149,194,239,0,3,6,9,9,10,11,7,3,0,2,5,8,53,98,143,11,7,3,0,0,0,0,0,1,2,1,0,0,2,4,7,0,0,0,0,0,0,0,5,10,16,10,5,0,0,1,2,0,3,7,11,7,3,0,0,0,0,0,0,0,0,0,0,0,3,6,10,6,3,0,0,0,0,1,3,5,6,8,10
0,3,6,9,7,6,5,3,1,0,4,8,13,8,4,0,0,0,0,0,1,2,3,2,1,0,0,0,1,8,15,22,7,4,2,0,1,2,4,2,1,0,0,0,0,0,1,2,0,0,0,0,0,0,0,2,4,7,11,16,21,14,7,0,0,2,4,7,6,6,6,4,2,0,0,0,0,9,18,28,0,0,0,0,2,4,7,4,2,0,11,22,33,98,164,230,17,11,5,0,0,0,0,3,6,9,24,39,54,121,188,255,0,0,0,0,4,8,13,8,4,0,6,12,18,89,160,231,0,0,0,0,0,0,0,1,2,3,2,2,2,3,5,7,15,10,5,0,6,12,18,16,14,12,21,31,41,88,136,184,0,0,0,1,0,0,0,1,3,5,15,25,35,97,159,222,0,6,12,18,12,6,0,2,4,6,4,2,0,0,0,0,13,8,4,0,2,4,7,4,2,0,1,2,4,3,2,1,0,0,0,0,4,8,13,8,4,0,0,0,0,2,4,6,2,3,4,6,4,2,0,5,10,15,12,9,6,4,2,0,0,3,6,10,7,4,2,1,0,0,0,0,0,1,3,5
6,4,2,0,0,0,0,3,6,9,8,7,6,4,2,0,0,6,12,19,14,10,6,4,2,0,0,0,0,0,0,0,13,8,4,0,0,0,0,0,0,1,0,0,0,0,0,0,0,0,0,0,1,2,4,5,6,7,4,2,0,2,4,6,0,0,0,0,3,6,10,6,3,0,0,0,0,71,142,213,6,6,7,8,5,2,0,1,2,3,19,36,53,117,181,245,0,2,4,6,4,2,1,0,0,0,13,26,40,111,183,255,3,2,1,1,1,1,2,3,4,5,3,1,0,27,55,83,0,6,12,19,12,6,0,0,0,0,4,8,12,8,4,0,8,5,2,0,0,0,0,3,6,10,12,15,18,34,50,67,8,5,2,0,2,4,7,5,3,1,32,63,95,143,191,239,0,4,8,13,8,4,0,0,0,0,0,0,0,44,88,132,1,3,5,8,7,6,5,4,4,4,6,8,10,6,3,0,0,0,0,0,0,0,0,0,0,0,0,0,0,0,0,0,0,2,4,6,12,18,25,16,8,0,0,0,1,9,17,25,0,1,2,4,2,1,0,4,8,12,8,4,0,0,0,0
0,0,0,0,0,1,2,2,2,2,3,4,5,3,1,0,0,8,16,25,16,8,0,0,0,0,0,0,0,0,0,1,1,0,0,0,0,0,0,7,14,21,18,15,12,8,4,0,13,8,4,0,1,3,5,3,1,0,0,0,0,3,6,9,0,1,2,3,8,13,18,12,6,0,1,2,4,2,1,0,2,1,1,1,0,0,0,0,1,2,1,0,0,15,31,47,0,0,0,1,0,0,0,1,2,4,2,1,0,23,46,70,6,4,2,0,0,0,0,3,6,9,6,3,0,5,10,15,2,1,0,0,0,0,0,0,0,0,0,1,2,1,0,0,0,0,0,0,2,5,8,7,6,6,5,5,5,28,52,76,14,9,4,0,0,0,0,7,14,22,14,7,0,9,19,29,1,0,0,0,0,0,0,2,4,7,7,8,9,6,3,0,0,6,12,19,16,13,10,6,3,0,1,2,4,4,4,4,11,7,3,0,0,0,0,0,0,0,0,1,2,4,6,8,0,1,2,4,5,6,8,6,4,2,1,0,0,0,0,0,2,5,9,13,8,4,0,1,3,5,8,11,14,9,4,0
5,3,1,0,2,4,7,8,9,10,6,3,0,4,9,14,0,2,5,8,5,2,0,1,3,5,5,5,6,5,4,4,0,0,1,2,1,0,0,1,2,4,2,1,0,0,0,0,10,6,3,0,0,0,0,0,0,0,3,6,9,6,3,0,0,6,12,18,14,10,7,4,2,0,0,0,0,0,0,0,0,4,8,12,8,4,0,2,4,6,7,8,9,20,31,42,4,2,1,0,0,0,0,3,6,9,6,3,0,17,34,51,0,0,0,0,2,5,8,5,2,0,2,4,6,6,6,7,10,6,3,0,4,8,13,9,5,1,0,0,0,0,0,0,0,6,12,18,12,6,1,0,0,0,1,2,3,6,9,12,24,16,8,0,0,0,0,6,12,19,34,49,65,61,57,54,0,0,0,0,7,14,21,14,7,0,22,44,67,109,151,194,0,2,4,7,4,2,0,1,3,5,10,15,20,16,13,10,8,6,5,4,2,1,0,0,0,0,0,0,0,0,0,0,0,0,0,0,6,13,20,14,8,3,2,1,0,6,12,19,0,2,4,7,4,2,0,2,4,7,4,2,0,0,0,0
0,0,1,2,1,0,0,0,0,0,0,0,1,0,0,0,8,5,2,0,0,0,0,1,3,5,5,5,6,4,2,0,1,0,0,0,1,2,3,4,5,6,4,2,0,0,0,1,0,1,2,3,5,7,9,7,5,3,2,1,0,2,4,7,5,3,1,0,0,0,0,2,4,7,4,2,0,2,4,6,8,5,2,0,0,0,0,4,9,14,9,4,0,0,0,0,0,1,2,4,2,1,0,2,5,8,5,2,0,0,0,0,0,5,10,15,10,5,0,0,0,0,0,0,0,1,3,5,0,2,4,6,4,2,0,2,4,6,4,2,1,0,0,0,0,3,7,11,7,3,0,0,0,0,0,0,0,9,19,29,0,2,4,6,5,5,5,8,11,14,9,4,0,0,0,0,8,5,3,1,0,0,0,0,0,0,0,0,0,0,0,0,0,0,0,0,0,0,0,2,4,7,4,2,0,0,0,0,5,3,1,0,0,0,1,0,0,0,0,0,0,0,0,0,0,0,0,0,0,1,2,3,4,6,4,3,2,2,2,3,0,0,0,0,2,5,8,6,5,4,2,1,0,0,0,0
0,0,1,2,4,7,10,8,6,5,3,1,0,2,4,6,17,11,5,0,0,0,0,0,0,0,3,7,11,7,3,0,0,1,3,5,4,4,4,2,1,0,0,0,1,0,0,0,10,6,3,0,0,0,0,0,1,2,2,2,2,13,24,36,0,4,8,12,12,13,14,9,4,0,11,23,35,101,167,233,10,6,3,0,0,0,0,2,4,7,29,51,74,134,194,255,0,0,1,2,2,3,4,2,1,0,19,38,58,123,189,255,1,1,1,1,2,4,6,4,2,0,2,4,6,52,98,145,8,5,2,0,1,2,3,2,1,0,0,0,0,0,0,1,3,2,1,0,3,6,9,6,3,0,2,4,6,6,6,6,0,0,0,0,0,1,2,4,7,10,40,70,100,125,150,176,12,9,6,4,2,1,0,0,0,0,30,61,92,136,180,225,0,1,2,4,6,9,12,8,4,0,1,2,3,10,17,25,0,0,0,0,0,1,2,1,0,0,0,0,0,0,0,0,5,3,1,0,0,0,0,3,7,11,12,13,14,12,10,8,0,0,0,0,0,0,0,0,0,1,0,0,0,0,0,0
4,2,1,0,1,2,3,2,1,0,0,0,0,2,4,7,0,0,0,0,4,8,13,13,13,13,8,4,0,0,0,0,5,4,4,4,2,1,0,0,0,0,1,2,3,7,11,15,0,3,7,11,7,3,0,0,0,0,6,13,20,13,6,0,0,0,0,0,1,2,4,7,11,15,11,8,5,3,1,0,9,6,3,0,0,1,2,1,0,0,0,0,0,26,52,79,0,0,0,0,0,0,1,0,0,0,1,2,3,34,65,96,0,1,3,5,3,1,0,1,2,4,3,3,3,4,5,7,0,0,0,1,0,0,0,1,3,5,6,8,10,6,3,0,12,8,4,0,1,3,5,3,1,0,0,0,0,23,46,70,1,0,0,0,4,8,12,11,10,9,6,3,0,34,69,104,2,1,0,0,0,0,1,3,6,9,6,3,0,0,0,0,5,8,11,14,9,4,0,0,0,0,6,12,19,19,19,19,0,1,3,5,5,5,6,4,2,0,0,0,0,0,0,0,7,4,2,0,0,0,0,1,2,4,4,4,4,4,4,5,0,2,4,7,6,5,4,2,1,0,0,0,0,0,1,2
2,1,0,0,3,6,9,7,5,3,2,1,0,0,0,0,0,3,6,9,6,3,0,0,0,0,2,4,7,7,7,8,1,0,0,0,5,11,17,11,5,0,0,0,0,0,0,0,0,2,4,7,4,2,0,2,4,7,8,9,10,19,28,38,0,2,4,6,4,3,2,1,0,0,0,0,0,61,123,185,6,4,2,0,7,15,23,15,7,0,26,53,80,92,104,116,0,2,4,7,5,3,1,0,0,0,7,15,23,80,137,195,8,5,2,0,0,0,0,2,4,7,4,2,0,10,20,30,5,3,1,0,0,0,0,0,0,0,1,2,3,3,4,5,0,0,0,0,0,1,2,1,0,0,0,0,0,0,0,0,3,5,8,11,11,11,12,8,4,1,0,0,0,0,0,0,4,2,1,0,0,0,0,3,6,9,33,58,83,104,125,146,0,3,7,11,11,11,11,7,3,0,0,0,0,0,1,2,0,0,0,0,0,0,0,0,0,0,0,0,1,4,7,10,0,0,0,1,2,4,6,5,5,5,3,1,0,0,0,0,6,4,2,0,0,0,0,0,0,0,1,2,4,3,3,3
0,1,2,3,2,1,0,2,4,6,7,8,10,11,13,15,5,5,5,6,5,4,4,4,5,6,4,2,0,0,0,0,0,3,6,10,7,4,1,0,0,0,0,0,0,5,11,17,0,4,8,12,8,4,0,0,0,0,2,4,6,4,2,0,3,2,1,0,0,0,0,2,4,6,4,2,0,0,0,0,6,4,2,0,2,5,8,8,9,10,6,3,0,22,44,67,7,4,2,0,1,3,5,3,1,0,0,0,0,23,46,70,0,1,2,4,2,1,0,0,0,0,1,3,5,6,7,8,1,0,0,0,0,0,0,0,1,2,1,0,0,0,0,0,2,2,2,3,3,4,5,3,1,0,0,0,0,1,3,5,0,0,0,0,0,0,0,0,0,0,5,10,16,35,55,75,1,1,1,2,2,2,3,2,1,0,0,0,0,4,8,12,0,0,0,0,0,0,0,2,5,8,6,4,2,1,0,0,12,8,4,0,0,0,0,0,0,0,0,0,0,0,0,0,0,0,0,0,0,1,2,4,7,10,8,6,4,2,1,0,2,1,1,1,1,2,3,2,1,0,0,0,0,0,1,2
2,1,0,0,0,0,0,0,1,2,1,1,1,1,1,1,6,7,9,11,7,3,0,0,0,0,0,0,0,0,1,2,0,0,0,0,1,2,4,4,4,5,3,1,0,4,8,13,0,4,8,13,8,4,0,1,2,3,4,5,7,4,2,0,11,7,3,0,0,0,0,0,0,0,0,0,0,57,114,172,0,1,2,3,6,9,12,10,9,8,5,3,1,82,163,244,0,0,0,0,0,0,0,0,0,1,0,0,0,85,170,255,0,1,3,5,3,1,0,3,6,10,7,5,3,41,79,118,6,4,2,0,0,0,0,1,2,4,4,5,6,9,13,17,0,0,0,0,1,2,4,2,1,0,1,2,4,83,163,243,11,10,9,8,5,2,0,0,0,0,11,22,33,107,181,255,0,2,4,6,4,2,0,0,0,0,2,5,8,33,58,84,14,13,12,11,7,3,0,5,10,15,10,5,0,0,0,0,0,0,0,0,0,0,0,1,3,5,3,1,0,0,0,0,7,6,5,4,2,1,0,0,0,0,5,11,17,11,5,0,0,0,0,0,2,4,7,4,2,0,0,0,0,4,8,12
0,0,0,0,0,0,0,0,0,0,0,0,0,0,0,1,4,3,3,3,3,3,4,5,7,9,7,6,5,3,1,0,0,4,8,13,8,4,0,0,0,0,4,8,12,11,10,9,8,5,2,0,3,6,10,11,12,13,8,4,0,0,0,0,0,3,6,10,9,8,7,4,2,0,2,4,7,4,2,0,7,4,2,0,0,0,0,0,0,0,3,6,10,6,3,0,0,0,0,0,5,11,17,16,16,16,10,5,0,34,68,102,0,3,6,9,6,3,0,0,0,0,3,6,10,33,56,79,0,3,6,10,6,3,0,5,10,15,11,7,3,2,1,0,8,5,2,0,0,0,0,0,0,0,0,0,1,40,79,118,9,6,3,0,0,0,0,4,8,12,8,4,0,12,24,36,0,8,16,25,16,8,0,0,0,0,1,2,3,5,7,9,7,4,2,0,0,0,0,4,9,14,10,6,3,2,1,0,6,4,2,0,1,2,4,5,7,9,6,3,0,0,0,0,0,0,0,0,0,0,0,0,0,0,0,0,1,0,0,0,0,1,2,3,4,5,6,4,2,0,0,0,0,0,1,2
0,6,12,18,12,6,0,0,0,0,1,3,5,3,1,0,7,4,2,0,1,3,5,5,5,5,3,1,0,2,5,8,8,5,2,0,1,3,5,4,3,2,1,0,0,0,0,0,1,0,0,0,1,3,5,3,1,0,0,0,0,18,36,55,3,2,1,0,2,4,7,4,2,0,0,0,0,66,132,199,0,2,5,8,5,2,0,0,0,0,14,29,44,111,178,246,1,0,0,0,4,9,14,9,4,0,0,0,0,72,145,218,0,1,2,4,3,2,2,1,0,0,4,8,12,13,14,16,3,2,1,0,0,0,0,1,2,3,2,1,0,0,0,0,3,3,4,5,6,7,8,8,8,9,6,3,0,7,15,23,0,0,0,0,0,0,0,0,1,2,10,19,28,56,84,112,5,5,5,6,4,2,1,1,1,2,16,30,44,89,134,180,0,1,3,5,5,5,6,4,2,0,0,0,0,0,0,0,6,5,5,5,3,1,0,1,2,3,6,10,14,9,5,1,0,0,0,0,0,0,1,2,3,5,3,1,0,0,0,0,8,5,2,0,0,0,1,4,7,10,6,3,0,7,14,21
5,3,1,0,2,5,8,6,4,2,1,0,0,1,2,4,0,1,3,5,3,1,0,0,0,0,6,13,20,17,15,13,14,9,4,0,0,0,0,2,4,6,4,2,0,0,0,0,2,1,0,0,2,4,7,5,4,3,2,1,0,6,12,18,0,0,0,0,0,0,0,3,6,9,8,8,8,5,2,0,0,2,5,8,6,4,2,1,0,0,1,2,3,15,28,41,6,4,2,0,1,3,5,8,11,14,9,4,0,12,24,37,0,0,0,0,0,0,0,3,6,9,6,3,0,0,0,0,1,0,0,0,0,0,0,2,4,6,4,2,0,0,1,2,5,3,1,0,0,0,0,1,3,5,4,3,2,8,14,20,0,1,3,5,7,9,12,9,6,3,2,1,0,20,40,60,8,5,2,0,0,0,0,0,0,0,0,1,2,2,3,4,0,0,1,2,1,1,1,2,4,6,4,2,0,0,0,0,4,5,6,7,4,2,0,0,0,0,0,0,0,0,0,0,0,1,2,4,2,1,0,1,2,4,5,6,7,4,2,0,0,2,5,8,5,2,0,0,0,0,1,2,3,2,1,0
0,1,2,3,2,1,0,0,0,0,0,0,0,2,4,7,2,1,0,0,0,0,0,4,8,12,8,4,0,0,0,0,0,0,0,0,0,0,0,8,16,25,16,8,0,0,0,0,0,4,8,12,11,10,10,6,3,0,0,0,1,30,60,90,12,8,4,0,0,0,0,2,4,6,28,50,72,133,194,255,0,0,0,0,3,7,11,11,11,12,64,116,168,197,226,255,3,7,11,15,10,5,0,0,0,0,52,105,158,186,215,244,0,0,0,1,1,2,3,2,1,0,19,38,57,114,172,230,0,3,7,11,7,3,0,0,0,0,3,6,9,10,12,14,0,0,0,0,2,4,6,47,88,130,86,43,0,0,0,0,0,0,0,0,9,19,29,92,155,218,156,95,34,29,24,20,9,6,3,0,16,33,50,100,151,202,166,130,94,70,46,22,0,3,6,10,8,6,4,2,1,0,4,8,13,21,29,38,3,2,1,0,4,8,12,10,8,6,4,2,0,0,0,0,1,0,0,0,2,4,6,7,8,9,6,3,0,1,2,4,6,4,2,0,0,0,0,0,0,0,2,4,7,4,2,0
0,0,1,2,1,0,0,1,3,5,4,3,2,1,0,0,6,4,2,0,0,0,0,0,0,0,0,0,0,0,0,0,0,1,2,4,2,1,0,2,4,6,8,10,13,8,4,0,5,3,1,0,0,0,0,0,0,0,0,0,0,8,16,25,0,2,4,6,4,2,0,1,3,5,6,8,10,6,3,0,9,6,3,0,1,2,3,2,1,0,0,0,0,7,14,22,0,0,0,0,0,0,1,0,0,0,4,8,12,12,13,14,3,2,1,0,0,0,0,0,0,0,1,2,3,14,26,38,0,1,2,4,3,2,1,0,0,0,0,0,0,82,164,246,3,4,5,6,4,2,0,3,6,9,6,3,0,42,85,128,0,0,0,0,0,0,0,0,0,0,0,0,0,2,4,7,0,2,5,8,5,2,0,0,0,0,3,6,9,6,3,0,0,1,2,4,3,3,3,2,1,0,3,6,9,8,7,7,0,0,0,0,0,0,0,0,0,0,0,0,0,0,0,0,6,4,3,2,2,2,2,4,6,9,6,3,0,0,0,1,0,1,2,4,2,1,0,1,3,5,3,1,0,0,0,1
0,4,8,13,8,4,0,0,0,0,0,1,2,1,0,0,0,0,1,2,1,0,0,3,6,10,10,11,12,8,5,2,6,6,7,8,5,2,0,0,0,0,0,0,0,0,0,0,0,0,0,0,0,0,0,1,2,3,5,8,11,21,31,42,0,0,0,0,1,3,5,3,1,0,0,0,0,0,0,0,0,0,0,0,2,4,7,5,3,1,1,1,2,1,0,0,0,1,2,4,3,3,3,2,1,0,2,4,6,5,4,4,0,1,3,5,3,1,0,0,0,0,1,2,3,2,1,0,0,1,2,4,2,1,0,0,0,0,3,6,9,6,3,0,1,2,3,5,4,4,4,2,1,0,0,0,0,0,0,0,0,0,0,0,2,4,6,4,2,0,0,0,0,0,1,2,0,0,0,0,1,2,4,3,2,2,1,0,0,2,4,7,3,2,1,0,0,0,0,0,0,1,0,0,0,0,0,0,2,1,1,1,0,0,0,0,1,2,1,0,0,0,0,0,0,1,2,4,2,1,0,1,2,4,5,6,7,4,2,0,0,3,6,10,6,3,0,1,2,3,3,3,4,2,1,0
0,0,0,0,0,0,0,3,6,9,6,4,2,1,0,0,13,10,7,5,3,1,0,0,0,0,0,0,0,0,0,0,0,0,0,0,0,0,0,0,0,0,0,0,1,0,0,0,6,5,4,3,5,8,11,11,11,11,10,9,8,5,2,0,0,0,0,0,0,0,0,0,0,0,0,0,0,0,1,2,7,4,2,0,3,6,9,6,3,0,4,8,12,19,26,34,0,0,0,0,1,2,4,2,1,0,0,0,0,0,0,0,5,3,1,0,2,4,7,4,2,0,0,0,1,1,2,3,6,4,2,0,0,0,0,3,6,9,6,3,0,0,0,0,3,3,3,3,2,1,0,2,4,7,5,3,2,6,10,14,0,2,5,8,5,2,0,3,6,9,6,3,0,2,4,6,0,0,1,2,1,0,0,3,7,11,7,3,0,0,0,0,5,3,1,0,0,0,0,0,0,1,4,7,10,7,4,2,0,0,0,0,0,1,2,1,0,0,3,6,10,11,12,14,0,1,3,5,6,7,8,5,2,0,0,0,0,1,2,3,1,0,0,0,0,0,0,2,5,8,5,2,0,0,0,0
3,2,1,0,0,0,0,0,0,0,0,0,0,0,1,2,4,2,1,0,0,0,0,0,0,0,2,5,8,5,2,0,0,1,3,5,6,8,10,6,3,0,2,4,7,4,2,0,3,2,1,0,0,0,0,0,0,0,42,84,126,136,147,158,7,4,2,0,0,0,0,3,6,9,53,97,142,153,164,175,0,0,0,1,2,4,6,4,2,0,7,15,23,15,7,0,2,1,0,0,0,0,0,0,0,0,1,2,3,2,1,0,0,2,4,7,5,4,3,2,1,0,0,0,0,1,2,3,0,0,0,1,0,0,0,0,1,2,3,4,6,4,3,2,5,4,4,4,2,1,0,0,0,1,0,0,0,0,0,0,4,2,1,0,0,0,0,1,2,4,4,5,6,4,2,0,0,1,2,4,5,6,8,6,4,3,2,1,0,0,0,0,7,4,2,0,0,0,0,0,0,0,5,10,15,10,6,2,0,2,4,6,5,5,5,3,1,0,0,0,0,0,0,0,0,0,0,0,0,0,1,1,1,1,2,4,6,6,6,7,3,2,2,2,1,1,1,0,0,0,0,0,0,0,0,0
0,2,4,7,4,2,0,0,0,0,0,0,0,1,3,5,0,0,0,1,4,8,12,11,10,9,10,12,14,9,4,0,14,9,4,0,0,0,0,0,0,0,1,2,3,2,1,0,0,0,0,1,0,0,0,2,4,6,4,2,0,6,12,19,0,4,8,13,8,4,0,2,5,8,5,2,0,19,38,57,2,2,2,2,1,0,0,3,6,9,10,11,12,43,75,107,0,0,0,1,2,4,6,6,6,6,4,2,0,7,14,21,7,4,2,0,3,6,9,6,3,0,0,0,0,1,3,5,0,0,0,0,0,0,0,4,8,13,8,4,0,1,2,3,3,2,1,0,0,0,1,5,9,13,8,4,0,0,0,0,13,8,4,0,0,0,0,0,0,0,0,0,0,5,10,15,0,1,3,5,7,9,12,10,9,8,8,9,10,6,3,0,3,6,9,13,8,4,0,0,0,0,0,1,2,3,4,6,4,3,2,1,0,0,0,2,5,8,5,3,1,0,0,0,0,0,0,0,0,0,0,1,3,5,5,5,6,4,2,0,6,4,2,0,3,6,9,6,3,0,1,2,3,3,4,5
0,0,0,0,0,0,0,1,2,3,2,1,0,1,2,3,5,4,4,4,2,1,0,3,6,10,6,3,0,0,0,0,0,2,5,8,5,2,0,0,1,2,3,4,6,5,4,3,0,2,4,6,6,6,6,4,2,0,23,47,71,69,68,67,12,8,4,0,0,0,0,4,9,14,75,137,199,217,236,255,0,2,4,6,5,4,4,3,2,2,7,12,17,18,20,22,8,7,6,5,3,1,0,1,2,3,2,1,0,0,1,2,0,0,0,0,2,4,6,4,2,0,2,4,7,4,2,0,1,0,0,0,0,1,2,1,0,0,4,8,12,8,4,0,0,1,2,4,5,7,9,6,3,0,0,0,0,0,0,0,4,2,1,0,0,0,0,0,1,2,4,7,10,6,3,0,0,0,0,0,3,6,9,8,7,7,4,2,0,0,0,0,0,0,0,0,0,0,0,0,0,0,2,5,8,8,8,9,0,2,4,6,5,5,5,3,1,0,0,0,0,0,0,0,5,3,1,0,0,0,0,3,6,9,9,9,9,6,3,0,0,0,1,2,1,1,1,0,0,0,0,0,0,0,0,0
3,2,1,0,1,3,5,6,7,8,5,2,0,0,0,0,5,3,1,0,0,0,0,0,0,0,3,7,11,13,16,19,0,6,12,19,13,8,3,5,8,11,7,3,0,3,6,9,0,0,0,0,0,0,0,2,4,7,5,3,2,1,0,0,13,8,4,0,0,0,0,1,2,3,3,3,4,2,1,0,2,3,5,7,4,2,0,3,6,10,6,3,0,0,0,0,0,0,0,0,1,2,3,2,1,0,7,15,23,17,11,6,4,4,4,5,6,8,10,6,3,0,0,1,2,1,0,0,0,0,0,0,4,8,13,8,4,0,0,0,0,3,7,11,7,4,2,0,0,0,0,0,0,0,0,0,0,1,2,3,0,0,0,0,0,0,0,0,1,2,1,0,0,0,0,0,0,1,2,3,2,1,0,1,3,5,3,1,0,1,3,5,0,1,3,5,3,1,0,0,0,1,0,0,0,2,4,6,4,2,1,0,0,0,0,3,7,11,7,3,0,0,0,0,4,2,1,0,0,1,2,5,8,12,8,4,1,0,0,0,5,3,1,0,0,0,1,0,0,0,0,0,0,2,4,7
0,0,0,0,1,2,3,2,2,2,2,2,3,2,1,1,5,3,1,0,0,0,0,0,0,0,3,6,9,6,3,1,0,1,2,4,9,15,21,14,7,0,1,3,5,3,1,0,6,4,2,0,1,2,4,2,1,0,24,48,72,85,98,111,0,0,0,0,0,0,0,3,6,10,43,76,109,126,144,162,8,6,4,2,4,6,9,6,3,0,1,2,4,2,1,0,6,4,2,0,0,0,0,0,0,0,0,1,2,1,0,0,0,3,7,11,8,6,4,4,5,6,4,2,0,1,2,4,9,6,3,0,0,0,0,5,10,16,10,5,0,0,0,0,0,4,8,12,8,5,2,1,0,0,0,0,0,2,4,7,0,1,3,5,3,1,0,0,0,0,3,6,10,6,3,0,0,1,3,5,4,3,3,3,3,4,2,1,0,0,0,0,5,3,1,0,0,0,0,0,0,0,1,2,3,7,11,15,2,1,0,0,4,8,12,8,5,2,1,0,0,1,2,4,5,3,1,0,0,0,0,1,3,5,5,6,7,4,2,0,0,4,8,12,10,8,6,4,2,0,0,1,2,3,4,6
0,0,0,0,0,0,0,0,0,0,2,4,7,4,2,0,10,6,3,0,6,12,19,13,7,2,4,7,10,6,3,0,0,0,0,0,0,1,2,1,0,0,0,0,0,2,5,8,0,3,7,11,7,3,0,2,4,6,4,2,0,2,4,6,3,2,1,0,1,2,3,2,1,0,5,11,17,11,5,0,0,0,0,0,0,0,0,0,0,0,0,0,0,23,46,69,0,4,8,13,8,4,0,3,7,11,8,5,2,46,90,135,2,1,0,0,0,0,0,0,0,0,2,4,6,4,2,0,5,3,1,0,1,2,3,2,1,0,2,5,8,5,3,1,0,1,2,3,7,11,15,10,5,0,0,0,0,1,2,4,11,7,3,0,0,0,0,0,0,0,1,2,3,4,5,7,0,0,0,0,3,7,11,13,15,17,11,5,0,0,0,0,12,8,4,1,0,0,0,0,0,0,1,2,3,8,13,19,0,1,2,4,6,8,11,8,5,3,2,1,0,0,0,0,6,4,2,0,0,0,0,0,0,1,4,8,12,8,4,1,0,1,2,4,4,4,4,2,1,0,0,0,0,0,0,0
8,5,2,0,0,0,0,0,0,0,0,0,0,0,0,1,0,0,0,1,6,11,16,12,8,5,3,1,0,0,0,0,7,4,2,0,0,0,0,0,0,0,2,4,7,6,6,6,1,1,1,1,0,0,0,0,0,0,0,0,0,4,9,14,3,2,2,2,1,0,0,5,10,16,45,75,105,137,170,203,0,0,0,0,0,0,0,0,0,1,0,0,0,1,2,4,9,6,3,0,0,0,0,7,14,21,14,7,0,0,0,0,0,1,3,5,3,1,0,0,0,0,0,0,0,3,7,11,0,1,2,4,3,2,1,1,1,2,1,0,0,0,0,0,10,6,3,0,0,0,0,1,2,4,5,6,8,5,2,0,5,3,1,0,1,2,3,2,1,0,0,0,0,1,3,5,0,0,0,0,0,0,0,10,20,30,20,10,0,2,4,6,13,8,4,0,7,14,21,14,7,0,1,3,5,6,7,8,0,0,0,0,1,2,3,2,1,1,3,6,9,6,3,1,0,2,4,6,5,5,5,3,1,0,0,0,0,0,0,0,7,4,2,0,0,0,0,0,0,0,3,6,9,6,3,0
3,3,3,3,2,1,0,1,2,4,2,1,0,3,6,10,0,0,0,0,0,0,0,3,6,10,6,3,0,0,0,0,4,4,4,4,2,1,0,0,0,1,0,0,0,0,0,0,0,2,4,7,4,2,0,0,0,0,2,4,7,9,12,15,0,2,4,6,4,2,0,1,2,3,2,1,0,1,2,3,10,7,4,2,1,0,0,1,2,3,2,1,0,3,6,9,4,2,1,0,0,0,0,1,2,4,5,7,9,20,31,42,0,1,2,3,6,9,13,8,4,0,0,0,0,2,5,8,4,2,1,0,2,4,7,5,3,2,1,0,0,2,4,6,9,6,3,0,0,0,0,0,0,0,0,1,2,6,10,15,0,0,0,0,1,3,5,3,1,0,0,0,0,11,22,33,0,0,0,0,1,3,5,5,5,5,3,2,1,0,0,0,7,4,2,0,0,0,0,0,0,0,0,0,1,0,0,0,0,0,0,0,1,2,4,4,4,4,5,6,7,4,2,0,14,9,4,0,0,0,0,0,0,0,2,5,8,7,7,7,0,0,0,0,3,6,10,7,5,3,2,1,1,0,0,0
0,0,0,0,0,0,1,2,4,6,4,2,0,1,3,5,16,10,5,0,0,0,0,0,0,0,0,0,0,0,0,0,0,0,0,0,1,2,4,2,1,0,7,15,23,15,7,0,0,3,6,10,9,8,8,5,2,0,32,65,98,109,120,131,2,1,0,0,0,0,0,5,10,16,71,126,182,203,225,247,1,5,10,15,14,13,13,8,4,0,0,0,0,1,2,3,0,0,0,0,0,0,0,0,0,0,1,2,3,3,3,3,0,0,1,2,1,0,0,1,2,3,2,1,0,2,4,7,0,1,3,5,3,1,0,0,0,0,0,0,0,1,3,5,4,2,1,0,0,0,0,0,1,2,2,2,3,4,6,8,0,0,0,0,0,0,1,3,5,7,4,2,0,0,0,0,6,4,2,1,0,0,0,0,0,0,0,0,0,3,7,11,0,0,0,0,1,2,4,6,8,11,10,9,9,6,3,0,5,4,3,2,1,0,0,0,0,0,0,0,0,2,4,7,0,0,0,0,1,3,5,3,2,1,0,0,0,0,0,0,2,1,0,0,0,0,0,1,3,5,3,1,0,0,0,0
0,3,6,9,6,3,0,1,2,3,4,5,6,4,2,0,9,6,3,0,1,2,3,2,1,0,1,3,5,6,7,9,0,1,2,3,2,1,0,0,0,0,1,2,4,2,1,0,9,6,3,0,6,13,20,20,20,20,13,6,0,2,4,7,0,5,10,16,10,5,0,1,2,3,2,1,0,16,33,50,0,0,0,1,2,4,6,4,2,0,2,4,7,54,101,148,14,11,8,6,4,2,0,4,8,12,8,4,0,0,0,0,1,0,0,0,0,0,1,0,0,0,1,2,3,2,1,0,0,0,1,2,1,0,0,2,5,8,5,2,0,0,0,0,10,7,5,3,2,1,1,1,1,2,1,0,0,0,0,0,1,0,0,0,0,0,0,0,0,0,0,0,0,3,6,9,0,0,1,2,7,12,17,12,7,3,2,1,1,0,0,0,6,5,5,5,3,1,0,0,0,0,0,0,0,5,10,15,0,0,0,0,0,0,0,3,7,11,7,3,0,0,0,0,15,10,5,1,3,5,8,5,3,1,0,0,0,0,0,0,0,0,0,0,5,10,15,10,5,0,1,3,5,5,6,7
3,2,1,0,0,0,0,6,12,18,12,6,0,0,0,1,2,2,2,2,1,0,0,0,0,0,0,0,0,0,0,0,0,0,0,0,0,0,0,0,0,0,3,6,9,8,7,6,15,10,6,2,1,0,0,6,12,19,53,88,123,130,137,145,0,1,2,3,3,3,3,2,1,0,8,17,26,21,16,12,5,4,3,3,2,1,0,0,0,0,2,5,8,5,2,0,0,2,4,7,6,5,5,7,9,12,9,6,4,2,1,0,1,3,5,8,5,2,0,0,0,1,0,0,0,3,6,9,0,3,6,9,6,3,0,0,0,0,1,2,3,3,3,3,0,0,0,0,0,0,0,1,2,4,4,4,4,2,1,0,2,1,1,1,0,0,0,1,2,4,3,2,1,0,0,0,6,4,3,2,1,0,0,0,0,0,0,0,0,0,0,0,0,0,0,0,0,0,0,0,0,1,1,1,2,1,0,0,0,0,0,0,0,0,0,0,0,0,0,0,0,1,2,3,8,5,2,0,0,0,0,0,0,0,0,0,0,1,2,4,0,0,0,0,0,0,0,2,4,7,4,2,0,0,0,0
0,0,0,0,2,4,7,4,2,0,0,0,0,0,0,0,3,2,1,0,0,0,0,0,0,1,2,3,5,5,5,6,8,5,2,0,0,0,0,1,2,3,2,2,2,1,0,0,4,2,1,0,1,2,3,4,5,6,4,2,0,0,0,0,0,0,0,0,0,1,2,3,5,7,4,2,0,3,6,10,3,2,1,0,0,0,0,0,1,2,1,0,0,4,8,13,3,3,3,3,2,1,0,0,0,0,0,0,0,1,2,4,0,1,2,4,3,2,2,2,3,4,2,1,0,0,0,1,2,4,6,8,5,2,0,0,1,2,1,0,0,0,0,0,0,1,2,4,2,1,0,2,4,6,4,2,0,0,0,1,0,0,1,2,1,0,0,1,2,4,2,1,0,0,1,2,2,1,0,0,0,0,0,0,0,1,0,0,0,2,4,6,2,1,0,0,0,0,0,1,2,4,2,1,0,4,8,12,0,0,0,1,2,3,5,5,5,5,3,1,0,0,0,0,1,1,1,1,1,2,3,3,3,3,2,1,0,0,0,0,1,0,0,0,0,0,0,0,1,2,4,6,8,5,2,0
5,4,3,2,1,0,0,0,0,0,1,3,5,4,3,2,0,0,0,0,2,5,8,7,6,6,4,2,1,0,0,0,0,1,2,4,2,1,0,0,0,0,0,0,0,6,12,19,3,2,2,2,1,0,0,20,40,60,73,86,99,98,97,97,0,0,0,0,1,3,5,64,123,183,187,191,195,158,122,86,0,0,0,0,0,0,1,55,109,163,153,143,134,92,50,9,0,1,2,3,2,1,0,19,39,59,49,39,30,20,10,0,4,2,1,0,0,0,0,4,9,14,9,4,0,2,5,8,6,4,2,0,0,1,2,1,1,1,0,0,0,0,0,1,7,5,3,2,5,8,12,8,4,0,0,0,0,0,0,0,0,0,0,0,2,4,6,4,2,0,0,0,0,6,12,19,17,13,9,5,3,1,0,0,0,0,8,16,24,40,56,73,0,0,0,0,0,0,0,0,0,0,0,0,1,0,0,0,4,5,6,7,7,7,8,5,2,0,0,0,0,0,0,0,0,0,0,0,0,1,2,2,2,2,1,1,1,0,0,0,9,7,5,4,2,1,0,0,0,0,1,2,3,3,3,4
3,2,1,0,0,0,0,2,4,7,4,2,0,0,0,0,0,0,1,2,1,0,0,5,10,16,10,5,0,5,10,15,9,8,8,8,5,2,0,0,0,0,0,0,0,1,2,3,0,0,0,0,0,0,0,2,5,8,8,8,8,5,2,0,2,2,2,2,1,0,0,2,5,8,5,2,0,2,5,8,0,0,0,1,1,1,1,4,7,10,6,3,0,0,0,0,1,0,0,0,0,0,0,0,0,0,3,6,10,9,8,8,0,2,5,8,7,6,5,3,1,0,0,0,0,0,0,0,0,1,3,5,3,1,0,0,0,0,3,6,9,7,6,5,0,1,3,5,4,3,2,1,0,0,0,0,0,0,0,0,1,0,0,0,1,2,3,4,5,6,4,2,0,0,0,0,5,3,1,0,0,0,0,1,3,5,3,1,0,1,2,3,6,4,2,0,0,0,0,0,0,0,0,0,0,0,0,1,0,1,2,3,3,3,4,3,2,1,0,0,0,0,0,1,0,0,1,2,2,2,2,3,4,5,3,2,1,0,0,0,2,2,2,2,1,0,0,1,2,4,4,4,5,3,1,0
7,4,2,0,0,0,0,2,5,8,5,2,0,0,0,0,0,0,0,0,3,6,10,7,5,3,2,1,0,0,0,1,2,2,3,4,2,1,0,0,0,0,1,2,3,6,9,12,0,4,8,13,10,7,4,7,11,15,57,99,142,179,217,255,11,7,3,0,0,0,0,1,3,5,5,6,7,4,2,0,0,0,1,2,2,2,3,2,1,0,0,0,0,0,1,2,0,0,0,0,2,5,8,8,8,9,8,7,6,5,4,4,7,4,2,0,0,0,1,0,0,0,0,0,0,2,4,7,0,0,1,2,1,0,0,2,4,7,4,2,0,0,0,0,0,3,6,10,8,6,5,3,1,0,0,0,0,1,2,4,8,5,2,0,0,0,0,0,0,0,5,10,15,10,5,0,0,0,0,0,1,3,5,4,3,2,1,0,0,0,0,0,0,2,4,7,4,2,0,0,0,0,1,2,4,5,6,8,0,4,8,12,8,5,2,2,2,3,2,1,0,0,0,0,0,0,0,0,0,0,0,2,5,8,7,6,5,3,1,0,0,1,3,5,5,5,6,4,2,0,0,0,0,0,1,2
0,0,0,0,0,0,0,0,0,0,1,2,4,3,2,1,0,0,0,0,1,2,3,3,3,4,4,4,4,2,1,0,0,2,5,8,7,6,6,4,2,0,0,0,0,1,3,5,6,4,2,0,0,0,0,2,4,6,4,2,0,2,4,6,1,0,0,0,0,1,2,3,5,7,4,2,0,1,3,5,0,2,5,8,5,2,0,0,0,0,6,13,20,52,84,117,0,0,0,0,0,1,2,5,8,11,7,4,1,0,0,0,3,2,1,0,0,0,0,0,1,2,1,0,0,0,0,0,0,0,0,0,0,0,0,0,0,0,2,4,6,4,2,0,0,2,4,7,5,3,2,1,0,0,0,0,0,2,4,7,6,4,2,0,0,0,0,2,4,6,4,2,0,0,0,0,8,5,2,0,0,0,0,5,10,15,10,5,0,0,0,0,4,3,2,1,1,2,3,2,1,0,0,0,0,1,3,5,6,4,2,0,0,1,2,1,0,0,0,0,1,3,5,8,6,4,2,0,1,2,3,2,2,2,2,3,4,2,1,0,0,0,0,0,4,8,13,8,4,0,0,0,0,0,0,0
0,0,0,0,0,0,0,0,0,0,0,0,0,2,4,7,11,7,3,0,2,5,8,6,4,3,2,1,0,0,0,0,0,2,5,8,6,4,3,2,1,0,0,0,1,3,5,8,13,8,4,0,1,2,3,2,1,0,50,101,152,168,184,201,0,6,13,20,13,6,0,2,4,6,60,114,168,112,56,0,18,12,6,0,3,6,10,8,6,4,33,62,91,60,30,0,0,0,0,0,1,2,4,5,7,9,6,3,0,0,0,0,0,4,8,12,8,4,0,0,0,0,0,1,2,5,8,11,5,3,1,0,0,0,0,2,4,6,4,2,0,0,1,2,0,0,0,0,4,8,13,13,13,14,9,4,0,4,8,12,4,2,1,0,0,0,0,0,0,0,0,0,0,22,45,68,12,8,4,0,0,0,0,4,8,12,24,37,50,76,102,129,0,0,1,2,1,0,0,0,0,0,0,0,0,0,0,0,0,3,7,11,10,10,10,7,5,3,6,9,12,8,4,0,6,4,2,0,0,0,0,0,0,0,0,0,0,1,2,3,7,4,2,0,1,3,5,6,7,9,6,3,0,2,5,8
0,1,3,5,3,2,1,0,0,0,3,6,9,8,7,7,9,9,9,9,6,3,0,0,0,0,0,0,0,0,0,0,0,0,0,0,0,0,1,1,1,2,4,7,10,6,3,0,0,0,0,0,1,2,4,4,4,4,2,1,0,0,0,0,3,3,3,4,3,3,3,2,1,0,0,0,0,3,7,11,0,0,0,1,1,1,2,1,0,0,1,2,4,14,25,36,0,0,0,0,1,2,4,2,1,0,0,0,0,1,2,3,4,2,1,0,2,4,7,4,2,0,2,4,7,4,2,0,1,1,1,2,2,2,2,1,0,0,0,0,0,14,29,44,0,0,0,0,2,5,8,5,2,0,0,0,1,37,73,110,4,2,1,0,0,0,0,0,0,0,3,6,9,44,79,114,4,3,3,3,2,1,0,0,0,0,0,0,0,0,1,2,0,0,0,1,0,0,0,0,0,0,0,0,1,5,9,13,12,8,4,0,0,1,2,2,2,2,1,0,0,0,0,0,0,0,0,0,3,6,10,15,21,27,19,11,4,2,1,0,0,2,4,7,4,2,0,0,0,0,2,4,6,4,2,0
1,0,0,0,0,0,1,0,0,0,0,1,2,1,1,1,0,0,0,0,0,1,2,1,0,0,0,0,0,0,0,0,0,0,0,0,1,2,4,2,1,0,0,0,0,2,4,7,1,0,0,0,2,4,6,4,2,0,0,0,0,9,19,29,1,0,0,0,1,2,3,2,1,0,2,4,7,22,38,54,0,0,0,0,0,0,0,0,0,0,2,4,7,28,49,70,0,0,0,0,0,1,2,1,0,0,0,1,2,26,50,74,3,2,1,1,3,5,7,4,2,0,0,0,0,24,49,74,0,2,4,7,4,2,0,0,0,0,4,8,12,29,46,63,0,2,4,6,4,2,1,4,7,10,15,20,25,37,50,63,5,6,7,8,5,2,0,0,0,0,5,10,15,28,42,56,0,0,0,0,0,0,0,0,0,0,7,14,22,39,56,74,1,2,4,6,4,2,1,0,0,0,0,0,0,3,6,9,0,0,1,2,3,4,5,5,5,5,3,1,0,2,4,6,5,4,3,3,2,1,0,0,0,0,0,0,0,0,0,0,0,0,0,0,0,0,0,1,2,3,3,3,4,3,3,3
0,0,0,0,0,0,0,0,0,1,2,4,6,4,2,0,1,1,2,3,2,1,0,1,2,3,2,2,2,1,0,0,0,1,2,4,4,4,5,4,3,3,2,1,0,0,0,0,0,0,0,0,1,2,4,2,1,0,0,0,0,4,9,14,2,1,0,0,1,2,3,2,1,0,0,0,0,13,26,40,6,4,2,0,1,3,5,3,1,0,0,1,2,23,45,67,5,3,1,0,2,5,8,5,2,0,1,2,3,29,55,81,1,0,0,0,3,6,10,6,3,0,0,0,0,27,55,83,0,0,0,0,1,2,4,3,3,3,2,1,0,30,61,92,5,5,5,6,5,4,3,2,1,0,0,0,0,22,44,66,0,0,0,0,0,0,0,2,4,7,12,17,23,42,62,82,4,4,5,6,4,2,0,0,0,0,0,0,0,1,3,5,0,1,2,4,2,1,0,0,0,0,0,1,2,1,0,0,1,2,3,5,4,3,2,2,2,2,1,0,0,0,0,0,0,0,0,0,0,1,2,3,4,6,4,3,2,4,7,10,2,1,0,0,0,0,0,0,0,0,0,0,0,3,7,11
0,2,4,7,4,2,0,0,0,0,0,0,0,3,7,11,3,6,10,14,9,5,1,1,1,2,1,0,0,0,0,0,0,0,0,0,0,0,0,0,0,0,4,8,12,8,5,2,0,0,0,0,0,0,0,3,7,11,52,94,136,116,96,77,2,2,3,4,4,4,4,5,6,7,87,167,247,210,174,138,0,1,2,3,2,1,0,0,0,0,85,170,255,217,179,141,2,3,5,7,5,4,3,2,1,0,85,170,255,218,181,144,0,0,0,0,0,0,0,3,6,10,86,162,238,208,179,150,0,1,3,5,3,1,0,0,0,0,85,170,255,215,175,136,0,3,7,11,8,5,3,3,4,5,80,155,231,206,181,156,12,8,4,0,0,0,0,3,6,10,57,105,153,182,211,240,0,0,0,0,5,10,16,11,6,1,6,11,16,72,128,184,3,8,14,20,13,6,0,0,0,0,0,0,0,1,2,4,0,2,4,7,4,2,0,3,6,9,13,17,22,14,7,0,5,3,2,1,1,1,1,0,0,0,0,0,0,0,0,0,0,1,2,3,3,3,3,2,1,0,0,1,2,2,2,2
2,3,5,7,4,2,0,4,8,12,8,4,0,1,2,4,0,2,4,6,4,2,0,0,0,0,0,0,1,0,0,0,0,4,8,13,10,7,5,3,1,0,1,3,5,3,1,0,0,0,0,0,1,2,3,2,1,0,0,0,0,3,6,10,0,0,0,0,0,1,2,2,2,3,4,5,7,48,89,130,8,5,2,0,1,3,5,4,3,3,10,17,24,100,177,254,1,0,0,0,0,0,0,0,0,0,5,11,17,96,175,255,2,2,2,2,1,0,0,5,10,15,18,21,24,99,174,250,0,0,0,1,2,3,5,6,7,8,12,16,20,97,174,251,1,5,9,13,8,4,0,0,0,0,11,22,34,107,180,253,0,4,8,12,11,10,9,6,3,0,1,2,4,44,84,125,12,8,4,0,0,0,0,3,7,11,9,8,7,4,2,0,6,4,2,0,1,3,5,4,3,2,1,0,0,0,0,0,0,0,0,0,2,4,6,4,2,0,0,0,0,9,18,27,4,2,1,0,1,2,4,2,1,0,0,0,0,0,0,0,0,0,0,0,2,4,7,4,2,0,3,6,10,6,3,0
0,3,6,9,6,4,2,1,0,0,3,6,10,6,3,0,0,0,0,0,0,0,0,0,0,0,0,0,0,0,0,0,1,3,5,8,5,2,0,3,6,9,6,3,0,0,0,0,0,0,0,0,0,0,0,8,16,25,39,54,69,53,38,23,3,5,7,9,9,10,11,31,52,73,127,181,236,198,160,122,0,0,0,0,0,0,0,20,40,60,125,190,255,211,167,123,0,2,4,6,4,2,1,20,40,60,125,190,255,205,155,106,0,0,0,0,0,0,0,24,48,73,133,193,253,209,165,121,0,0,0,0,0,0,1,22,43,65,128,191,255,207,159,111,1,2,4,6,4,2,0,14,29,44,114,184,255,220,185,150,0,1,2,3,2,1,1,5,10,15,82,149,217,225,233,241,0,0,0,0,2,5,8,5,2,0,24,48,72,118,164,211,4,2,1,0,1,2,4,5,6,8,5,2,0,0,0,0,0,2,4,7,4,2,0,1,2,3,6,9,13,11,10,9,0,6,12,18,14,11,8,5,2,0,0,0,0,1,2,4,7,4,2,0,0,0,1,2,3,4,2,1,0,5,10,16
9,6,3,0,0,1,2,1,1,1,0,0,0,3,6,9,0,0,0,0,0,0,1,0,0,0,0,0,0,2,5,8,1,1,1,2,4,7,10,9,8,8,5,3,1,0,0,0,4,2,1,0,0,0,0,0,1,2,1,0,0,0,0,0,5,3,1,0,0,0,0,0,0,0,9,19,29,50,71,92,2,4,6,8,5,3,1,1,1,2,24,47,70,122,174,227,0,0,0,0,0,0,0,0,0,0,21,42,64,127,191,255,7,4,2,0,0,0,1,2,3,4,19,34,49,117,186,255,2,1,0,0,0,0,1,4,7,11,26,41,57,122,187,252,3,5,8,11,7,3,0,0,0,0,12,25,38,109,180,251,0,1,2,3,2,1,0,2,4,6,7,8,9,62,116,170,5,3,1,0,0,0,0,6,12,19,12,6,0,0,0,0,6,4,2,0,0,0,0,0,0,0,2,5,8,9,10,11,0,1,2,4,9,15,21,14,7,0,0,0,1,0,0,0,8,5,2,0,0,0,0,0,0,0,3,6,9,8,7,6,3,2,1,0,2,4,6,6,6,6,4,2,0,0,0,0
2,2,3,4,2,1,0,0,0,0,1,3,5,3,1,0,0,0,0,1,0,0,0,0,0,0,1,2,4,2,1,0,0,2,4,6,5,4,4,3,2,2,1,0,0,4,8,13,0,1,2,4,4,4,4,4,4,4,2,1,0,37,74,112,11,7,3,0,0,0,0,0,0,0,3,6,10,87,164,241,0,0,0,0,1,2,3,3,3,3,2,1,0,85,170,255,0,1,2,4,6,8,11,9,7,6,4,2,0,82,165,248,1,1,1,2,1,0,0,0,0,0,5,11,17,93,170,247,0,2,4,6,4,2,0,0,0,0,1,2,3,87,171,255,5,3,1,0,6,12,18,15,12,9,9,9,10,82,154,226,0,6,12,19,15,11,8,5,2,0,1,2,4,67,130,193,6,4,2,0,0,0,0,8,17,26,17,8,0,5,11,17,4,2,1,0,1,2,4,3,2,1,0,0,0,0,0,0,0,2,5,8,5,2,0,0,0,0,1,2,3,4,5,7,0,8,16,25,16,8,0,2,4,6,9,12,15,10,5,0,5,3,1,0,0,0,1,0,0,0,1,2,3,2,1,0
8,5,2,0,0,1,2,1,0,0,1,2,4,2,1,0,0,0,0,0,1,2,4,2,1,0,0,0,0,3,7,11,7,4,2,0,4,8,12,9,7,5,3,2,1,1,1,1,4,2,1,0,0,0,0,0,0,0,1,3,5,3,1,0,3,2,1,0,0,0,0,0,0,0,3,6,10,33,56,79,3,2,1,0,4,8,12,11,10,9,12,16,20,92,165,238,0,0,0,0,0,0,0,0,0,0,10,21,32,106,180,255,0,4,8,12,8,4,0,0,0,0,20,41,62,119,176,233,0,3,6,10,6,3,0,0,0,1,11,21,31,105,180,255,0,0,0,0,0,0,0,0,0,1,6,12,18,91,165,239,0,0,0,0,4,8,13,9,5,2,1,0,0,41,82,124,9,6,3,0,0,0,0,1,3,5,4,4,4,2,1,0,0,2,5,8,5,2,0,0,1,2,6,11,16,10,5,0,10,8,6,5,3,1,0,0,0,0,0,0,0,0,0,0,0,0,0,0,0,0,0,3,7,11,8,5,3,3,3,3,0,4,9,14,10,6,3,2,1,0,2,4,7,4,2,0
0,1,2,4,2,1,0,3,6,10,7,4,1,1,1,2,7,4,2,0,1,2,4,2,1,0,2,4,6,4,2,0,0,0,0,0,0,0,0,0,0,0,0,0,0,8,16,24,0,4,8,13,8,4,0,2,4,7,4,2,0,55,111,167,0,3,7,11,7,3,0,4,8,12,12,12,12,88,165,242,0,0,0,0,0,0,0,0,0,0,18,36,54,101,149,197,14,9,4,0,3,6,9,6,3,0,42,84,127,129,132,135,0,0,0,0,0,0,0,0,0,0,54,108,163,140,117,95,0,5,10,16,10,5,0,0,0,0,72,144,216,163,110,57,4,2,1,0,0,0,1,7,14,21,67,114,161,152,143,134,0,0,1,2,3,4,6,4,2,0,15,31,47,104,161,219,0,0,0,1,3,5,7,7,7,7,4,2,0,3,6,9,2,1,1,1,0,0,0,3,6,9,9,10,11,7,3,0,0,3,6,10,8,6,5,3,1,0,0,0,0,5,10,15,2,1,0,0,2,4,7,7,7,8,7,6,6,5,5,5,13,8,4,0,4,8,12,8,4,0,0,1,2,1,0,0
0,0,0,0,0,1,2,1,0,0,1,2,4,7,10,14,4,2,1,0,1,3,5,3,1,0,0,0,0,0,0,0,0,0,0,0,0,1,2,1,1,1,4,7,10,6,3,0,0,0,1,2,1,0,0,0,0,0,1,2,4,3,3,3,4,4,4,5,3,1,0,0,0,0,0,0,0,0,0,0,0,0,0,0,2,4,6,4,2,0,0,1,2,3,5,7,5,3,1,0,2,4,6,4,2,0,0,0,0,1,3,5,6,4,2,0,0,0,1,1,2,3,4,5,6,13,20,28,3,2,1,0,0,0,0,2,4,7,6,6,6,31,57,83,5,4,3,3,2,1,0,0,0,0,0,0,0,26,53,80,0,0,0,0,2,4,6,10,14,18,12,6,0,0,0,0,9,6,3,1,0,0,0,1,2,3,2,2,2,1,0,0,0,1,3,5,4,3,2,3,5,7,7,7,8,5,2,0,0,2,5,8,5,2,0,0,0,0,0,0,0,0,0,0,0,0,0,0,0,0,0,0,0,0,1,3,5,4,4,4,3,2,1,0,1,2,4,2,1,0,0,0,0,0,0,0
0,0,0,1,0,0,0,2,4,6,5,5,5,5,5,5,5,5,5,6,6,6,6,4,2,0,0,0,0,0,0,0,0,0,0,0,0,0,0,0,0,0,6,12,18,16,14,12,2,1,0,0,0,0,0,4,8,13,54,96,138,130,122,115,2,4,6,9,6,3,0,6,13,20,94,168,243,228,214,200,0,1,2,3,2,1,0,0,0,0,85,170,255,240,225,210,5,3,1,0,2,4,7,4,2,0,85,170,255,238,221,205,10,6,3,0,4,9,14,12,10,9,91,173,255,237,219,202,0,0,0,0,6,12,18,13,8,3,86,169,252,239,226,214,12,8,4,0,0,0,0,0,1,2,85,168,252,245,238,231,1,0,0,0,1,2,3,6,9,12,60,109,158,189,221,253,10,6,3,0,1,3,5,3,1,0,7,14,21,69,117,166,0,1,3,5,3,1,0,1,3,5,5,6,7,6,5,4,2,1,0,0,0,0,0,1,2,4,5,6,8,5,2,0,6,4,2,0,3,6,10,7,5,3,2,1,0,0,0,0,4,2,1,0,0,0,1,0,0,0,3,7,11,7,3,0
0,0,1,2,4,6,9,6,3,0,2,4,6,4,2,0,5,3,1,0,0,0,0,0,0,0,2,4,6,8,10,12,7,4,2,0,2,4,6,6,6,7,4,2,0,0,0,0,0,0,0,0,1,2,4,6,8,11,7,3,0,5,10,15,3,2,1,0,0,0,0,1,3,5,9,14,19,60,101,142,3,6,9,12,10,8,6,4,2,0,14,28,43,113,183,253,0,0,1,2,1,0,0,0,0,0,9,19,29,104,179,255,12,8,4,0,0,0,0,5,10,15,23,32,41,112,183,255,9,6,3,0,2,5,8,7,6,5,12,20,28,103,179,255,3,2,1,0,0,0,1,0,0,0,11,23,35,108,181,255,5,3,1,0,1,2,3,2,1,0,0,0,0,44,88,133,0,0,0,0,0,0,0,4,8,13,8,4,0,0,0,0,4,4,4,4,2,1,0,0,0,0,1,3,5,6,7,9,0,2,4,7,8,9,10,8,6,4,2,1,0,0,0,0,12,8,4,0,0,0,0,1,2,4,2,1,0,0,0,0,0,0,0,0,1,3,5,4,3,2,1,0,0,4,9,14
0,1,3,5,3,1,0,0,0,1,2,3,5,3,1,0,3,2,2,2,1,0,0,0,0,0,0,0,0,0,0,0,3,2,1,0,0,0,0,0,0,0,6,12,18,12,6,0,0,0,0,0,1,3,5,4,3,3,33,64,95,63,31,0,0,0,0,0,2,4,7,4,2,0,58,116,174,117,60,3,2,1,0,0,1,2,3,2,1,0,68,136,204,136,68,0,4,2,1,0,0,1,2,1,0,0,63,126,189,126,63,0,1,0,0,0,2,4,6,7,9,11,62,114,166,111,56,1,0,2,5,8,5,2,0,3,6,10,63,117,171,117,64,11,3,5,7,9,10,11,13,8,4,0,63,127,191,127,63,0,0,0,0,0,0,0,0,3,6,10,55,100,146,114,82,50,8,14,20,27,18,9,0,0,0,0,6,12,19,66,113,161,10,6,3,0,0,0,0,4,9,14,9,4,0,1,2,4,0,4,9,14,16,18,20,13,6,0,0,1,2,1,0,0,0,3,6,9,6,3,0,0,0,0,3,7,11,11,11,11,0,2,4,6,6,6,6,4,2,1,0,0,0,0,0,0
2,1,0,0,4,8,12,9,6,4,2,1,0,8,16,24,5,3,1,0,0,0,0,0,0,0,0,0,0,1,2,3,1,0,0,0,0,0,0,0,0,0,2,4,7,4,2,0,0,0,1,2,1,1,1,1,1,1,1,1,1,1,2,3,0,0,1,2,3,4,5,4,3,3,2,1,0,26,53,80,5,3,1,0,0,0,0,0,0,0,1,2,3,55,108,161,4,2,1,0,0,0,0,0,0,1,2,4,6,65,125,185,0,0,1,2,2,2,3,3,4,5,3,2,1,56,112,168,3,2,1,1,1,2,3,2,1,0,0,0,1,62,123,185,0,1,2,4,4,4,5,7,9,11,11,11,12,60,109,158,3,2,2,2,1,0,0,1,2,3,2,1,0,40,80,120,0,0,0,0,0,0,0,7,14,21,14,7,0,0,0,0,13,8,4,0,0,0,0,0,0,0,3,6,9,6,3,0,0,1,2,4,5,6,8,5,2,0,3,6,9,9,9,10,0,2,5,8,7,6,6,4,2,0,0,0,0,1,2,4,6,4,2,0,0,0,0,3,7,11,7,3,0,6,12,18
5,3,1,0,1,3,5,3,1,0,0,0,0,6,12,18,0,0,0,0,1,2,4,2,1,0,0,0,0,0,0,0,4,3,2,2,2,3,4,2,1,0,7,14,22,14,7,0,1,0,0,0,2,4,6,11,16,21,48,76,104,112,121,130,0,0,0,0,2,4,7,14,21,28,64,100,136,170,205,240,3,2,1,0,1,3,5,6,7,8,41,74,108,156,205,254,0,0,0,0,0,0,1,0,0,0,36,73,110,158,206,255,8,6,4,3,2,1,0,0,0,0,40,80,120,163,206,250,0,0,0,0,0,0,0,0,1,2,35,69,103,153,204,255,11,8,5,2,1,0,0,2,5,8,42,76,111,155,199,244,0,0,0,0,0,0,0,0,0,0,37,74,111,159,207,255,9,8,7,7,7,7,7,4,2,0,0,0,0,29,58,87,0,0,0,0,2,4,7,9,11,14,13,13,13,8,4,0,0,1,3,5,6,7,8,5,2,0,0,0,0,1,3,5,7,4,2,0,0,0,0,0,1,2,4,6,8,5,2,0,0,0,1,2,2,3,4,2,1,0,0,0,0,0,0,0
0,4,8,12,10,8,7,4,2,0,1,2,4,7,10,13,11,7,3,0,0,0,0,0,0,0,0,0,0,0,0,0,0,0,0,0,0,0,1,0,0,0,11,22,34,22,11,0,1,0,0,0,2,4,6,4,2,0,0,0,0,0,0,0,0,1,3,5,3,1,0,3,7,11,53,95,137,174,212,250,8,5,2,0,2,4,7,4,2,0,0,0,0,80,160,240,0,0,0,0,2,5,8,5,2,0,0,0,0,82,164,247,4,4,4,4,2,1,0,2,4,6,8,10,13,86,159,232,0,6,12,19,12,6,0,2,5,8,6,4,2,79,156,234,5,3,1,0,2,4,7,5,4,3,2,1,0,36,73,110,5,3,1,0,4,8,12,10,8,7,4,2,0,0,0,0,8,5,3,1,0,0,0,0,0,0,0,0,0,2,5,8,0,0,1,2,1,0,0,8,16,24,16,9,2,1,0,0,7,4,2,0,0,0,0,0,0,0,2,5,8,5,2,0,0,1,2,4,3,2,1,0,0,0,0,0,0,1,2,4,2,1,1,1,0,0,0,2,4,7,4,2,0,0,0,1
0,3,6,9,6,4,2,2,2,2,1,0,0,0,0,0,11,7,3,0,0,0,0,1,2,4,4,4,5,5,5,6,0,0,0,0,2,4,6,4,2,0,4,8,13,8,4,0,1,4,7,11,7,3,0,3,7,11,80,150,220,193,167,141,0,3,6,10,6,3,0,0,0,0,73,146,220,190,160,131,3,2,1,0,1,2,4,5,6,8,75,143,211,182,153,125,1,0,0,0,2,5,8,10,12,14,78,142,207,180,153,127,3,3,4,5,3,1,0,0,0,0,72,144,217,192,167,142,0,4,9,14,9,4,0,0,0,0,75,150,225,192,160,128,9,6,3,0,2,4,6,6,7,8,55,102,150,160,170,181,0,0,0,0,3,7,11,7,3,0,28,56,84,137,190,243,15,10,5,0,2,5,8,5,2,0,0,0,0,36,72,109,0,0,0,0,0,0,0,5,10,15,12,9,6,4,2,0,0,3,7,11,7,4,1,0,0,0,0,0,0,5,10,16,9,6,3,1,0,0,0,3,6,9,6,3,0,0,0,0,0,1,3,5,3,1,0,1,2,3,5,7,10,8,6,5
2,1,0,0,2,4,7,4,2,0,2,5,8,5,3,1,0,3,6,9,6,3,0,3,6,10,6,3,0,0,0,0,0,0,1,2,1,0,0,0,0,0,1,2,4,3,2,2,7,4,2,0,2,4,7,8,9,11,7,3,0,0,0,0,0,5,11,17,11,5,0,0,0,0,0,0,0,84,168,253,4,3,3,3,2,1,0,3,6,10,6,3,0,83,166,250,3,2,1,0,0,1,2,1,0,0,1,3,5,88,171,255,0,3,6,10,6,3,0,3,7,11,7,3,0,83,167,251,0,2,4,6,4,2,0,1,2,3,2,1,0,80,161,242,0,2,4,7,4,2,0,0,0,0,6,12,18,81,145,209,0,3,6,9,9,9,10,6,3,0,0,0,0,32,64,97,15,10,5,0,0,0,0,1,3,5,7,10,13,8,4,0,0,0,0,0,2,4,7,4,2,0,1,3,5,6,7,8,14,9,4,0,0,1,2,1,0,0,0,0,0,0,1,2,0,0,0,0,2,4,6,9,13,17,14,11,9,6,3,0,1,3,5,8,5,2,0,0,0,0,0,0,0,1,2,3
7,7,7,7,4,2,0,0,1,2,1,0,0,0,0,0,0,0,0,1,1,1,2,4,6,9,8,8,8,5,3,1,2,1,0,0,0,0,0,0,0,0,0,0,0,0,0,1,0,0,0,0,2,5,8,13,18,24,28,32,37,84,131,179,0,0,0,0,0,0,0,0,0,0,0,0,0,69,138,207,8,8,8,9,7,5,4,4,4,5,7,9,11,87,164,241,0,0,0,0,0,0,0,0,0,1,26,51,77,136,195,255,4,4,4,4,2,1,0,0,0,0,40,81,122,163,205,247,0,0,0,0,1,2,4,2,1,0,64,128,193,213,234,255,5,5,6,7,4,2,0,0,0,0,74,148,222,233,244,255,3,2,1,0,0,0,0,6,12,18,87,156,226,235,245,255,0,2,5,8,9,11,13,8,4,0,30,60,91,138,186,234,20,13,6,0,0,0,0,3,7,11,7,3,0,4,8,13,0,4,8,13,8,4,0,4,8,13,8,4,0,0,0,1,10,10,10,10,6,3,0,0,0,0,2,4,7,4,2,0,4,2,1,0,0,0,1,2,4,6,5,4,3,2,1,0
0,3,6,10,6,3,0,3,7,11,7,3,0,0,0,0,0,1,2,3,2,1,0,0,0,0,0,0,0,2,4,6,0,0,0,0,1,2,3,2,1,0,1,2,4,3,2,1,3,3,3,4,2,1,0,0,1,2,6,10,14,9,4,0,0,0,0,0,0,0,0,3,6,9,10,12,14,40,66,93,3,2,1,0,1,2,3,3,3,3,2,1,0,71,142,214,11,8,5,2,2,3,4,2,1,0,4,9,14,90,166,242,0,0,0,0,0,0,0,1,2,4,32,61,90,145,200,255,0,0,0,1,0,0,0,2,5,8,54,100,146,182,218,255,0,3,7,11,7,3,0,0,0,0,38,76,115,159,204,249,0,1,2,4,4,4,4,3,2,2,1,0,0,10,21,32,12,8,4,0,0,0,0,6,13,20,14,9,4,2,1,0,16,10,5,0,0,0,0,0,0,0,0,0,1,3,5,7,0,0,0,0,5,10,15,10,5,0,0,0,0,2,4,6,12,9,6,3,2,1,0,1,2,3,3,3,4,2,1,0,0,1,2,4,2,1,0,3,6,9,6,3,0,0,0,0
3,2,1,0,0,0,1,3,5,8,5,2,0,2,4,7,0,0,1,2,1,0,0,0,0,1,0,0,0,0,0,0,0,2,4,6,4,2,0,0,0,0,1,2,4,4,5,6,0,1,2,3,2,1,0,0,0,0,2,4,7,18,29,41,2,1,0,0,0,0,0,1,3,5,3,1,0,25,50,75,7,4,2,0,0,1,2,3,4,5,3,1,0,24,49,74,6,4,2,0,0,1,2,1,0,0,0,0,0,15,30,45,1,1,1,1,1,1,2,1,0,0,0,0,0,5,11,17,8,5,2,0,1,2,3,2,1,0,0,0,0,1,2,4,0,0,0,0,3,7,11,8,6,4,4,4,4,4,4,5,0,0,0,0,2,5,8,5,2,0,0,0,0,1,2,4,1,1,2,3,2,2,2,1,0,0,0,0,0,0,0,0,0,0,0,0,0,0,1,1,1,1,3,5,8,5,2,0,4,2,1,0,0,0,0,0,1,2,3,5,7,4,2,0,9,6,3,0,0,0,0,0,0,0,0,0,0,1,3,5,2,1,0,0,2,4,6,7,8,9,6,3,0,0,1,2
3,2,1,0,2,5,8,5,2,0,0,0,0,0,0,0,1,2,3,5,3,1,0,3,6,9,7,5,3,3,3,4,0,3,6,10,6,3,0,1,3,5,5,5,6,4,2,0,0,1,2,4,5,6,8,5,2,0,0,1,2,1,0,0,2,1,0,0,3,6,10,6,3,0,0,0,0,11,22,34,4,2,1,0,0,0,0,5,10,15,10,5,0,28,57,86,0,0,1,2,1,0,0,3,7,11,7,4,1,28,55,83,0,0,0,1,3,5,8,5,2,0,2,4,7,18,30,42,0,0,0,0,0,0,0,1,2,3,4,6,8,5,2,0,2,1,1,1,0,0,0,0,0,0,0,0,0,0,1,2,0,0,0,0,2,5,8,5,2,0,0,0,0,0,1,2,2,1,0,0,3,6,9,6,3,0,4,8,13,8,4,0,10,6,3,0,0,1,2,1,0,0,3,6,9,6,3,1,1,0,0,0,1,2,4,2,1,0,0,0,1,0,0,0,0,0,1,2,3,4,5,5,5,6,4,2,0,0,0,0,0,2,4,6,4,2,0,1,2,4,2,1,0,0,0,0
0,0,0,0,3,6,9,6,3,0,2,4,6,7,8,10,15,10,6,2,1,0,0,2,4,7,4,2,0,1,2,3,0,0,0,0,0,0,1,4,8,12,8,5,2,1,0,0,5,3,1,0,0,0,0,0,0,0,44,88,132,127,122,117,10,6,3,0,0,1,2,1,0,0,55,110,166,191,216,241,0,0,0,0,4,8,12,8,4,1,21,42,63,127,191,255,7,6,6,6,4,2,0,0,0,0,4,8,13,85,157,230,0,4,8,12,8,4,0,0,0,0,3,6,9,55,101,147,0,1,2,4,2,1,0,2,4,6,5,4,4,18,33,48,0,4,8,13,11,10,9,6,3,0,0,0,0,10,20,30,5,3,1,0,0,0,1,0,0,0,0,1,2,2,2,3,3,2,1,0,1,3,5,3,1,0,0,0,0,0,0,0,4,3,3,3,2,1,0,0,0,0,4,8,12,13,15,17,0,3,7,11,9,7,5,3,1,0,0,0,0,0,0,0,3,2,1,0,0,0,0,3,7,11,9,7,6,4,2,0,2,1,0,0,0,1,2,1,1,1,2,3,4,2,1,0
0,2,4,7,7,7,7,4,2,0,0,0,0,0,0,0,1,0,0,0,2,4,7,4,2,0,2,4,6,7,9,11,12,8,4,0,3,6,10,6,3,0,2,4,6,5,4,3,1,0,0,0,0,0,0,2,4,6,8,10,13,8,4,0,0,0,0,1,0,0,0,3,6,10,37,64,91,93,95,97,4,3,3,3,3,4,5,3,1,0,51,102,154,182,210,238,0,0,0,0,0,0,0,0,0,0,28,57,86,142,198,255,3,2,1,1,1,2,3,6,9,12,8,4,0,69,138,207,0,6,12,19,12,6,0,0,0,0,3,7,11,42,73,105,0,0,0,0,3,6,9,6,3,0,0,0,0,9,18,28,10,6,3,0,0,0,0,0,0,1,3,5,7,8,9,10,3,2,1,0,0,0,0,5,11,17,11,5,0,0,0,0,4,3,2,1,0,0,0,0,0,0,0,0,0,0,1,2,0,0,0,0,4,9,14,9,4,0,4,9,14,9,4,0,12,8,4,0,0,0,0,0,0,0,0,1,2,1,0,0,0,2,4,6,4,2,0,4,9,14,9,4,0,2,4,7
2,1,0,0,1,3,5,3,1,0,1,3,5,4,3,3,0,4,8,12,8,4,0,0,1,2,1,0,0,0,0,0,12,11,10,10,6,3,0,1,2,3,3,4,5,4,4,4,0,0,0,0,3,6,10,6,3,0,20,40,61,57,53,49,12,14,16,18,12,6,0,0,0,0,58,116,174,201,228,255,0,0,0,0,1,2,4,3,3,3,24,45,67,129,192,255,16,10,5,0,0,0,0,4,8,12,8,4,0,70,141,212,0,4,9,14,9,4,0,0,1,2,3,5,7,51,95,139,1,0,0,0,0,0,0,0,0,1,3,6,9,16,23,31,0,2,4,7,7,7,8,5,2,0,0,0,0,6,13,20,7,4,2,0,0,0,0,2,4,6,4,2,0,0,0,0,3,2,1,0,1,3,5,5,5,6,4,2,0,0,0,0,2,1,0,0,0,0,0,0,0,0,6,12,19,16,13,11,0,2,4,6,10,14,18,12,6,0,0,0,0,0,0,0,3,2,1,0,0,0,0,1,2,4,5,6,8,5,2,0,4,2,1,0,0,0,0,0,0,0,0,0,0,2,5,8
0,0,0,1,2,3,5,4,3,2,1,0,0,0,0,0,1,0,0,0,1,2,4,2,1,0,0,1,2,4,6,9,14,9,4,0,3,7,11,7,3,0,0,0,0,0,0,0,1,0,0,0,0,0,0,1,3,5,4,4,4,2,1,0,0,0,0,0,0,0,0,1,3,5,29,53,78,82,86,91,6,5,4,3,4,5,6,4,2,0,49,99,149,180,211,243,0,0,0,0,0,0,0,0,0,0,29,59,89,144,199,255,4,2,1,0,0,0,1,4,7,10,6,3,0,74,148,222,9,6,3,0,1,2,4,2,1,0,0,0,0,52,104,157,0,0,1,2,4,6,9,8,7,6,7,8,9,19,30,41,9,7,6,5,3,1,0,0,0,0,2,4,6,4,2,0,0,0,0,0,0,1,2,6,10,14,9,5,1,0,0,0,2,1,1,1,1,2,3,2,1,0,0,0,0,5,11,17,0,1,3,5,3,1,0,0,0,0,1,2,4,2,1,0,0,0,1,2,1,0,0,0,0,0,5,10,15,10,5,0,0,0,0,0,2,4,6,4,2,0,0,0,0,1,3,5
1,1,1,2,1,0,0,2,4,7,4,2,0,0,0,0,4,2,1,0,0,0,0,0,0,0,0,0,0,4,9,14,0,0,0,0,1,2,4,2,1,0,0,0,0,2,4,6,0,0,1,2,1,0,0,5,11,17,32,48,64,61,58,56,8,5,2,0,0,0,0,3,7,11,37,63,90,124,158,192,2,1,0,0,0,0,0,0,0,0,10,20,30,105,180,255,0,2,4,6,6,7,8,5,2,0,0,0,0,60,120,181,1,2,3,5,3,1,0,2,4,7,6,5,5,33,61,90,8,5,2,0,0,1,2,2,2,3,3,3,3,5,7,10,0,2,4,7,7,7,7,4,2,0,0,0,0,3,7,11,0,3,6,9,6,3,0,0,0,0,0,0,0,0,0,0,2,1,0,0,0,0,0,2,4,6,5,4,4,2,1,0,0,0,0,0,0,1,2,1,0,0,0,0,0,5,10,15,0,0,0,0,4,8,12,8,4,0,0,0,0,0,1,2,2,1,0,0,2,4,7,4,2,0,0,1,2,1,0,0,1,2,3,5,3,1,0,0,0,0,4,8,12,9,7,5
10,6,3,0,1,2,4,4,4,4,2,1,0,2,4,7,0,3,6,9,6,3,0,0,0,0,2,5,8,5,2,0,3,4,6,8,5,2,0,0,1,2,1,0,0,6,12,18,5,3,1,0,0,1,2,2,2,3,2,1,0,0,1,2,0,0,0,0,3,6,10,8,6,5,20,35,50,42,35,28,7,4,2,0,1,2,3,5,8,11,37,63,90,124,158,192,7,4,2,0,0,0,0,0,0,1,13,25,37,109,182,255,0,3,7,11,7,4,1,1,2,3,2,1,0,52,104,157,4,2,1,0,0,0,0,1,2,3,5,7,10,25,41,57,0,1,2,3,2,2,2,1,1,1,0,0,0,3,6,10,0,1,3,5,3,1,0,1,2,4,5,7,9,6,3,1,1,5,9,13,8,4,0,0,0,0,0,0,1,0,0,0,0,0,1,2,3,4,5,4,3,3,3,4,5,8,11,15,5,3,1,0,1,2,4,2,1,0,0,0,0,0,0,0,4,2,1,0,0,0,0,0,1,2,4,6,8,7,6,5,0,0,1,2,2,2,3,2,1,0,3,6,9,6,3,0
2,1,0,0,4,9,14,9,4,0,1,3,5,3,1,0,0,0,0,0,0,0,0,2,5,8,5,3,1,0,0,0,7,4,2,0,2,4,7,9,12,15,10,5,0,0,0,0,0,0,0,0,2,4,6,4,2,0,0,0,0,7,14,22,6,5,4,3,5,7,9,6,4,2,21,41,61,99,138,177,0,0,1,2,1,0,0,0,0,0,9,19,29,100,171,243,2,4,6,8,6,4,3,3,3,3,2,1,0,78,156,234,3,2,1,0,2,4,7,4,2,0,2,4,7,76,145,214,1,0,0,0,0,0,1,0,0,0,0,0,0,56,112,168,0,2,4,7,10,13,16,10,5,0,2,4,7,47,88,129,1,0,0,0,0,0,0,0,0,0,4,9,14,38,62,86,6,6,7,8,8,8,9,12,15,19,12,6,0,15,30,46,9,6,3,0,2,4,6,4,2,0,2,4,7,4,2,0,1,5,10,15,10,5,1,3,5,8,8,8,9,6,3,0,1,2,3,4,2,1,0,0,0,0,4,9,14,9,5,1,0,0,0,0,4,8,12,8,4,0,0,0,0,1,2,3
0,1,3,5,3,1,0,0,0,0,7,14,21,14,7,0,6,4,2,1,2,3,4,2,1,0,0,0,0,0,0,0,1,0,0,0,1,3,5,6,7,8,5,2,0,4,8,13,4,2,1,0,0,0,0,2,4,6,4,2,0,3,6,10,5,3,2,1,0,0,0,0,0,0,0,0,0,0,0,0,0,0,0,0,1,3,5,3,1,0,3,6,9,6,3,0,0,0,0,0,2,4,6,4,2,0,0,0,0,1,3,5,1,0,0,0,1,2,4,2,1,0,0,0,1,16,31,46,5,3,2,1,0,0,0,1,3,5,6,7,9,36,63,90,3,2,1,1,0,0,0,0,0,0,0,0,0,28,56,84,0,0,0,0,1,3,5,8,12,16,10,5,0,0,0,0,10,7,5,3,2,1,0,1,2,3,3,3,4,2,1,0,0,1,2,4,3,2,1,2,3,5,5,5,6,4,2,0,0,3,6,9,6,4,2,1,0,0,0,0,0,0,0,0,0,0,0,1,1,2,3,2,1,0,2,4,6,6,7,8,0,0,0,0,1,3,5,3,1,0,0,0,0,0,0,0
0,0,0,0,3,7,11,7,3,0,1,2,4,2,1,0,8,7,6,5,3,1,0,6,12,18,12,6,0,0,0,0,0,2,4,7,4,2,0,1,2,3,2,1,0,1,2,4,1,0,0,0,0,0,0,1,2,3,49,95,141,142,143,145,5,3,1,0,1,2,4,4,4,4,60,116,172,199,227,255,0,0,0,0,4,8,12,8,4,0,16,33,50,118,186,255,3,2,1,0,0,0,0,4,8,13,12,12,12,88,164,241,0,2,4,6,4,2,0,0,1,2,1,0,0,53,106,160,5,3,1,0,0,0,1,1,2,3,3,4,5,23,41,60,0,1,2,3,2,1,0,0,0,0,0,0,0,7,14,22,0,2,5,8,5,2,0,0,0,0,1,2,3,2,1,0,0,3,7,11,8,6,4,3,2,2,1,0,0,0,0,0,9,6,3,0,0,0,0,0,0,1,4,8,12,9,7,5,0,0,0,0,2,5,8,6,4,3,2,1,0,0,0,0,1,0,0,0,2,4,7,5,4,3,2,2,2,1,0,0,3,2,1,0,0,0,0,0,0,0,4,8,13,8,4,0
0,2,5,8,5,2,0,0,0,0,0,0,0,0,0,0,0,0,0,0,0,0,0,3,6,10,7,4,2,4,6,9,8,5,2,0,2,5,8,8,8,8,5,2,0,0,0,0,3,2,1,0,2,4,6,4,2,0,2,4,7,8,9,11,0,0,0,0,0,0,0,0,0,0,39,78,117,128,139,150,0,0,0,1,1,2,3,6,9,12,60,108,156,187,218,249,0,0,0,0,0,0,0,0,0,0,20,40,61,118,176,234,1,1,2,3,2,1,0,0,0,0,0,0,0,74,148,223,0,4,9,14,9,4,0,0,0,0,6,12,18,44,70,97,0,1,2,4,4,4,4,4,4,5,3,1,0,9,18,28,10,6,3,0,0,0,0,1,2,4,2,1,0,4,8,12,3,2,1,0,1,3,5,5,5,6,4,3,2,1,0,0,3,2,1,0,1,3,5,3,1,0,0,0,0,1,2,4,0,0,0,0,3,6,9,7,6,5,5,6,7,6,5,4,13,9,5,1,0,0,0,0,0,0,0,0,0,0,0,0,0,0,0,0,1,2,3,6,9,13,9,5,2,1,0,0
0,4,8,13,8,4,0,0,0,0,3,6,10,6,3,0,0,0,0,0,3,7,11,7,3,0,0,0,0,1,3,5,3,2,1,0,0,0,1,0,0,0,3,6,10,8,7,6,4,2,1,0,0,0,0,1,2,4,37,70,104,69,34,0,4,2,1,0,2,4,7,4,2,0,51,103,155,113,71,30,0,2,5,8,5,2,0,0,0,0,25,50,75,94,114,134,0,3,6,10,6,3,0,4,8,12,8,4,0,59,119,179,6,4,2,0,3,6,9,6,3,0,1,2,3,46,89,132,1,0,0,0,0,0,0,4,8,12,8,5,2,17,33,49,0,1,2,3,2,2,2,1,0,0,0,0,0,0,0,0,1,2,3,4,2,1,0,0,0,0,3,7,11,7,3,0,0,3,6,10,7,5,3,2,1,0,0,0,0,6,12,18,4,2,1,0,0,0,0,0,0,0,3,6,10,7,4,1,0,0,0,0,5,11,17,11,6,1,0,0,0,0,0,0,0,0,0,0,0,1,2,4,6,8,5,3,1,2,3,5,0,1,2,3,2,1,0,0,0,0,1,3,5,3,1,0
0,1,2,3,3,4,5,3,1,0,2,4,7,4,2,0,7,4,2,0,1,2,3,2,2,2,2,2,3,3,4,5,8,5,2,0,0,0,0,2,4,6,5,4,4,2,1,0,0,1,3,5,3,1,0,0,0,0,2,4,7,4,2,0,0,2,5,8,6,4,2,1,0,0,2,4,6,29,53,77,0,0,0,0,1,2,3,3,3,3,2,1,1,50,99,149,3,2,1,0,0,0,1,1,1,2,1,1,1,32,63,95,0,1,2,3,2,1,0,0,0,0,1,2,4,2,1,0,0,0,0,1,0,0,0,0,0,0,0,0,1,5,9,13,3,2,1,0,2,5,8,5,2,0,0,0,0,0,0,0,0,0,0,0,3,6,9,6,3,0,0,0,0,4,9,14,2,3,4,5,3,1,0,1,3,5,3,1,0,4,8,13,9,6,3,0,0,0,0,4,8,12,8,4,0,0,0,0,0,0,0,0,2,4,7,4,2,0,3,6,9,7,6,5,0,1,2,3,5,7,10,6,3,0,0,0,0,0,0,0,5,3,1,0,0,0,0,5,10,15,11,8,5,3,1,0
0,2,5,8,6,4,3,2,1,0,1,2,3,2,1,0,7,4,2,0,0,0,0,1,3,5,3,1,0,2,4,7,5,3,1,0,0,0,0,2,4,6,4,2,0,0,0,0,0,4,8,12,8,4,0,15,30,46,69,93,117,118,119,121,0,5,10,15,10,5,0,18,36,55,93,131,169,197,226,255,0,1,2,4,2,1,0,4,8,13,29,45,61,125,190,255,1,1,2,3,2,1,0,0,1,2,1,0,0,79,158,237,7,4,2,0,0,0,0,1,2,3,4,5,7,70,134,198,0,3,6,10,6,3,0,2,5,8,5,2,0,45,90,136,0,1,3,5,3,1,0,0,0,0,0,0,0,21,42,63,8,5,2,0,0,0,0,4,8,12,9,6,4,2,1,0,3,2,1,0,0,0,0,3,6,10,7,5,3,2,1,0,0,0,1,2,3,4,5,3,1,0,0,0,0,6,13,20,4,2,1,0,1,2,3,2,1,1,0,0,0,1,3,5,7,4,2,0,0,0,0,4,8,12,10,8,6,4,2,0,0,3,6,9,6,3,1,0,0,0,0,0,0,1,2,4
6,6,6,6,4,2,0,0,0,0,6,12,19,12,6,0,0,0,0,0,4,8,12,8,4,0,0,0,0,1,2,3,12,8,4,0,3,6,10,6,3,0,0,0,0,5,10,15,0,0,0,0,0,0,0,2,5,8,6,4,3,2,1,0,6,4,2,0,3,6,10,10,10,11,7,3,0,0,0,0,0,4,8,12,8,4,0,0,0,0,68,137,206,221,236,251,23,15,7,0,5,10,15,10,5,0,15,31,47,110,173,236,0,0,0,0,4,8,12,8,4,0,0,1,2,86,170,255,5,5,5,5,3,1,0,3,6,9,6,4,2,62,122,183,0,2,5,8,8,8,9,6,3,0,0,0,1,57,114,171,7,4,2,0,4,8,13,10,7,4,2,1,0,11,22,33,16,10,5,0,0,0,0,0,0,0,3,6,9,6,3,0,0,3,6,9,12,16,20,13,6,0,0,0,0,0,0,0,5,3,1,0,0,0,0,2,5,8,8,9,10,7,4,2,0,0,0,0,0,0,0,0,0,0,0,0,1,3,5,7,6,4,2,0,1,3,5,3,1,0,2,4,7,4,2,0
0,0,0,0,0,1,2,1,0,0,0,0,0,1,2,4,11,7,3,0,0,1,2,2,2,3,6,9,12,8,4,0,0,0,0,0,1,2,3,2,1,0,0,0,0,0,0,0,0,4,8,12,8,4,0,4,9,14,55,96,137,164,191,219,0,3,7,11,9,7,5,3,1,0,16,32,49,115,182,249,5,3,1,0,1,2,4,2,1,0,0,0,0,76,152,229,10,6,3,0,0,0,0,2,4,7,4,2,0,43,86,129,0,4,9,14,9,4,0,0,1,2,3,4,5,10,15,20,0,2,4,6,4,3,2,1,0,0,0,0,0,4,8,12,0,1,2,3,2,1,0,2,4,6,6,6,7,4,2,0,2,3,4,5,3,1,0,0,0,0,2,5,8,5,2,0,4,4,4,4,2,1,0,0,0,0,0,1,2,5,8,12,1,0,0,0,3,6,9,6,3,1,0,0,0,4,8,12,6,4,2,0,2,4,7,8,9,10,6,3,0,0,0,0,6,4,2,0,0,0,0,1,2,3,2,1,0,0,0,0,0,3,7,11,7,3,0,0,0,0,0,1,2,4,6,9
0,1,3,5,3,1,0,2,5,8,6,4,3,2,1,1,0,2,5,8,8,9,10,6,3,0,1,2,3,2,1,1,4,2,1,0,0,0,0,4,8,13,8,4,0,2,4,6,0,0,0,0,0,0,0,3,6,10,6,3,0,0,0,0,0,2,4,7,4,2,0,1,2,3,56,110,164,172,180,188,0,0,0,1,2,3,4,2,1,0,24,48,73,133,194,255,8,5,2,0,0,0,0,6,12,18,12,6,0,82,164,247,0,0,0,0,1,2,3,2,1,0,0,0,0,47,95,143,1,0,0,0,0,0,0,1,3,5,6,8,10,24,38,52,0,0,0,0,1,3,5,4,4,4,2,1,0,1,2,3,5,3,1,0,0,0,0,0,0,0,0,0,0,3,7,11,0,1,2,4,3,3,3,2,1,1,3,5,8,5,2,0,0,4,8,13,8,4,0,0,0,0,0,0,0,1,2,4,0,0,1,2,1,0,0,4,9,14,10,7,4,2,1,0,11,7,4,1,0,0,0,0,0,0,0,0,0,0,0,0,0,0,0,0,4,9,14,9,4,0,1,2,4,3,3,3
0,0,0,0,0,0,1,6,11,16,10,5,0,1,3,5,21,14,7,0,0,0,0,1,3,5,4,3,2,1,0,0,0,0,0,0,2,4,7,5,3,1,2,3,4,2,1,0,0,0,0,0,0,0,1,13,26,39,89,139,190,211,233,255,0,1,2,3,2,1,0,1,2,4,52,101,150,185,220,255,8,6,5,4,2,1,0,0,0,0,35,70,106,155,204,254,0,0,0,0,1,3,5,8,11,14,39,64,89,144,199,255,7,4,2,0,0,0,1,0,0,0,14,29,44,114,184,255,0,0,0,0,0,0,0,1,2,4,12,21,30,102,174,247,5,9,13,17,11,5,0,0,0,0,4,9,14,88,163,238,0,0,0,0,2,4,7,6,5,4,2,1,0,67,134,201,7,5,3,2,5,9,13,8,4,0,0,1,2,66,131,196,0,0,0,0,0,0,0,1,3,5,4,3,3,6,9,12,6,9,13,17,12,7,3,2,1,0,0,0,1,5,9,14,0,0,0,0,2,5,8,11,15,19,12,6,0,0,0,0,5,3,1,0,0,0,1,0,0,0,0,0,0,0,0,0
0,0,1,2,2,2,3,4,6,8,5,2,0,0,0,0,7,4,2,0,4,8,13,8,4,0,0,0,0,1,3,5,3,2,1,0,3,6,9,8,7,7,4,2,0,0,0,0,0,0,0,0,0,0,0,4,8,12,8,4,0,1,3,5,0,5,10,16,10,5,0,0,0,0,4,8,12,30,48,67,0,0,0,0,0,0,1,0,0,0,15,30,45,58,71,85,9,6,3,0,1,2,4,2,1,0,7,15,23,42,62,82,0,0,0,0,0,1,2,1,1,1,2,3,5,60,115,170,3,2,1,0,0,0,0,0,0,0,3,6,9,75,141,207,0,1,2,3,3,3,4,3,2,1,7,13,20,65,110,155,0,2,5,8,5,2,0,0,0,0,0,0,0,1,2,4,0,1,2,3,2,1,0,3,7,11,14,17,20,13,6,0,14,11,9,7,4,2,0,0,0,1,1,2,3,2,1,0,0,0,0,0,0,0,0,0,0,0,0,0,0,0,0,0,0,0,0,1,4,7,10,8,6,5,3,1,0,0,0,0,0,0,0,0,0,0,0,0,0,0,2,4,7,5,4,3
1,0,0,0,0,0,0,2,4,7,4,2,0,7,14,22,2,1,0,0,0,0,0,3,6,10,6,3,0,0,0,0,1,0,0,0,0,0,0,2,4,7,6,6,6,4,2,0,1,1,2,3,2,1,0,0,0,0,2,4,7,17,27,37,4,2,1,0,1,2,3,2,1,0,0,0,0,25,51,77,7,4,2,0,1,2,3,4,5,6,4,2,0,27,54,82,3,2,1,0,1,2,4,3,2,1,0,0,0,25,51,77,0,0,1,2,4,6,8,5,2,0,2,4,7,31,56,81,3,5,7,9,6,3,0,1,2,4,4,4,4,26,48,71,0,0,0,0,3,7,11,7,3,0,3,6,9,33,57,81,0,0,1,2,1,0,0,0,0,1,0,0,0,42,85,128,6,6,7,8,5,2,0,1,3,5,3,1,0,36,72,109,0,0,0,0,3,7,11,7,3,0,2,4,7,9,12,15,0,0,0,0,0,1,2,1,0,0,3,6,9,6,3,0,10,7,5,3,2,1,0,3,6,9,6,3,0,2,5,8,3,2,1,0,4,9,14,9,4,0,0,0,0,0,0,0
2,1,0,0,0,0,0,2,5,8,5,2,0,2,4,7,2,1,0,0,3,6,9,6,3,0,2,4,7,5,4,3,2,1,0,0,2,5,8,5,2,0,2,5,8,5,2,0,1,2,3,4,2,1,0,0,1,2,1,0,0,0,0,1,0,2,4,6,4,2,0,0,1,2,1,0,0,11,22,34,0,0,0,0,2,4,7,4,2,0,3,7,11,30,50,70,1,0,0,0,3,6,10,6,3,0,2,4,7,31,56,81,4,2,1,0,0,0,1,3,6,9,6,3,0,23,47,71,0,0,0,1,1,2,3,2,1,0,1,2,3,24,46,68,6,4,2,0,2,4,6,8,10,12,8,4,0,40,81,122,4,2,1,0,1,2,3,5,7,10,6,3,0,35,71,107,0,1,3,5,3,1,0,0,0,0,0,0,0,6,13,20,0,6,12,18,12,7,2,1,0,0,2,4,7,4,2,0,0,1,3,5,3,1,0,0,0,1,2,3,5,4,4,4,3,2,1,0,0,0,0,1,2,4,2,1,0,4,9,14,4,3,2,1,0,0,0,0,1,2,1,0,0,0,0,0
4,3,2,1,3,5,7,5,4,3,2,1,0,3,6,9,0,4,8,13,8,4,0,0,0,0,4,9,14,9,5,1,0,0,0,0,0,0,0,0,0,0,4,9,14,10,6,2,0,0,0,0,39,79,119,116,113,111,74,37,0,0,0,0,5,3,1,0,53,106,159,184,209,235,157,79,2,2,2,3,11,7,3,0,24,48,72,133,194,255,187,119,51,34,17,1,0,1,3,5,13,21,29,102,175,249,205,162,119,79,39,0,0,0,0,1,0,0,0,67,135,203,197,191,185,130,76,22,1,0,0,0,0,0,0,46,93,140,170,201,232,182,133,84,3,2,1,0,0,0,0,26,52,79,137,196,255,231,207,184,0,0,0,0,0,0,0,2,4,7,85,163,241,245,250,255,0,0,0,1,2,3,4,3,2,2,68,134,201,215,229,244,0,1,3,5,5,5,6,4,2,0,0,0,0,5,10,15,6,4,2,0,0,0,0,7,15,23,15,7,0,0,0,0,2,1,0,0,0,0,0,5,10,15,10,5,0,0,0,0,8,6,4,3,2,1,0,0,0,0,0,0,0,4,8,13
0,2,4,6,4,2,0,1,2,4,2,1,0,0,0,0,0,3,6,9,6,3,0,0,0,0,3,6,10,7,5,3,4,3,3,3,2,2,2,1,0,0,0,0,0,3,6,10,0,0,0,0,0,1,2,6,11,16,10,5,0,0,0,0,2,1,0,0,4,8,12,41,70,99,97,95,94,62,31,0,6,7,8,9,8,8,8,53,98,144,171,198,226,154,82,11,0,0,0,0,0,0,0,28,56,85,141,198,255,184,113,43,1,2,3,4,2,1,0,7,15,23,97,171,246,198,150,103,0,0,0,0,3,6,10,6,3,0,68,137,206,189,173,157,6,6,7,8,6,5,4,2,1,0,38,76,114,158,202,246,11,7,3,0,0,0,0,5,10,16,30,44,59,120,182,244,0,0,0,0,4,9,14,12,10,8,5,2,0,4,8,12,0,1,3,5,3,1,0,0,0,0,4,9,14,9,4,0,0,2,5,8,6,4,3,4,5,6,4,2,0,0,0,0,9,6,3,0,0,0,0,4,9,14,9,4,0,1,3,5,0,0,0,0,2,4,6,5,4,3,2,1,0,0,0,0
0,1,2,3,3,3,4,3,2,2,1,1,1,0,0,0,0,0,1,2,1,0,0,0,0,0,3,6,9,8,7,6,0,1,2,3,8,13,18,12,6,0,0,0,0,0,0,0,2,1,0,0,19,38,57,58,60,62,41,20,0,0,0,0,0,7,14,22,80,138,197,208,220,232,157,82,8,5,2,0,0,0,0,0,49,99,149,184,219,255,181,107,34,24,14,4,0,0,0,0,26,52,78,135,193,251,199,147,96,66,36,7,8,5,2,0,5,10,15,88,161,235,215,195,175,129,83,38,2,3,4,5,4,4,4,65,126,187,199,211,223,179,135,91,0,3,6,9,6,3,0,41,82,123,167,211,255,228,201,174,10,8,6,4,2,1,0,20,40,60,125,190,255,250,245,241,0,1,3,5,3,1,0,2,4,7,86,166,246,249,252,255,10,6,3,0,9,19,29,19,9,0,0,0,0,1,2,3,0,0,0,0,0,1,2,1,0,0,1,3,5,3,2,1,18,12,6,0,0,0,0,4,8,13,8,4,0,0,0,0,0,2,5,8,5,2,0,0,1,2,3,4,5,3,1,0
0,0,1,2,1,0,0,0,0,0,1,2,4,4,5,6,3,3,3,4,6,8,10,6,3,0,2,4,7,4,2,0,0,0,0,0,0,0,0,0,0,0,2,5,8,5,2,0,1,0,0,0,1,3,5,4,3,2,3,4,5,5,5,6,0,0,0,0,30,61,92,80,68,56,37,18,0,10,20,31,9,8,7,7,73,140,207,196,185,174,116,58,0,40,81,122,0,0,0,0,50,100,151,176,201,227,153,79,5,64,123,183,3,7,11,15,28,41,55,121,188,255,183,112,41,106,171,236,0,1,2,4,7,11,15,95,175,255,218,181,144,175,206,237,18,12,6,0,0,0,0,66,132,199,215,231,247,229,211,194,0,4,8,13,13,13,14,55,96,138,174,210,246,206,166,126,0,4,9,14,9,4,0,0,0,0,4,8,12,8,4,0,4,2,1,0,0,0,0,4,9,14,9,4,0,0,1,2,3,2,1,0,0,0,1,0,0,0,0,0,0,5,10,15,0,2,4,7,8,9,11,7,3,0,0,0,0,2,5,8,4,2,1,0,0,0,0,4,9,14,9,4,0,0,0,0
0,1,2,4,2,1,0,0,0,0,0,0,0,0,0,0,0,3,6,10,6,3,0,0,0,1,5,9,13,12,12,12,0,0,0,0,0,0,0,0,0,0,0,0,0,0,0,0,10,6,3,0,3,6,9,21,33,46,52,59,66,46,26,7,5,3,1,0,0,1,2,31,60,89,127,166,205,142,80,18,0,0,0,1,0,0,0,18,36,54,121,188,255,172,89,7,4,7,10,13,8,4,0,3,6,10,82,155,228,167,106,46,1,0,0,0,2,4,7,4,2,0,65,130,195,166,138,110,0,0,1,2,1,0,0,1,2,4,47,91,135,144,153,163,0,3,6,10,8,6,5,3,1,0,30,60,90,133,176,220,2,1,0,0,0,0,0,6,12,19,19,19,20,98,176,255,13,13,13,14,9,4,0,0,0,0,0,0,1,81,161,242,0,0,0,0,0,0,0,2,4,6,5,4,4,2,1,0,8,6,5,4,4,4,4,2,1,0,0,0,0,0,0,0,10,6,3,0,0,0,0,4,8,12,8,4,0,4,8,12,0,5,10,15,10,6,2,1,0,0,3,6,9,7,6,5
0,2,5,8,5,2,0,0,0,0,1,2,3,3,3,3,2,1,0,0,2,4,6,7,8,9,6,3,0,0,0,0,0,0,0,0,0,0,0,0,0,0,0,0,0,0,0,0,4,3,2,1,2,3,4,2,1,0,0,0,0,5,10,16,0,0,0,0,1,3,5,14,23,33,28,23,19,12,6,0,8,9,10,12,11,10,9,38,67,97,123,149,176,117,58,0,0,0,0,0,0,0,0,16,32,49,113,177,242,165,89,13,5,3,1,0,3,6,9,6,3,0,67,134,201,159,117,76,6,4,2,0,1,2,4,9,14,20,51,83,115,123,132,141,0,0,0,1,1,1,2,1,0,0,17,35,53,120,187,255,0,2,5,8,7,7,7,4,2,0,2,4,7,74,141,209,0,0,0,0,0,0,0,0,1,2,1,0,0,7,14,21,8,8,9,10,9,9,9,6,4,2,7,12,17,11,5,0,0,0,0,0,0,0,0,0,0,0,0,1,2,1,0,0,3,2,1,0,1,2,3,2,2,2,2,2,3,3,4,5,0,3,6,10,6,3,0,0,0,0,1,2,3,2,1,0
0,0,0,0,3,7,11,9,8,7,4,2,0,6,13,20,0,5,10,15,10,5,0,0,0,0,7,15,23,15,7,0,0,0,0,0,0,0,0,1,3,5,3,1,0,1,2,4,22,14,7,0,0,0,0,3,7,11,7,3,0,2,4,6,0,0,0,0,1,2,3,26,49,72,102,133,164,109,54,0,2,7,12,17,11,5,0,17,34,51,104,157,211,140,70,0,0,0,1,2,2,2,2,15,28,41,96,152,208,141,75,9,3,2,1,0,0,0,0,8,16,24,92,161,230,153,77,1,0,6,12,19,12,6,0,3,7,11,89,167,245,163,81,0,13,8,4,0,2,4,7,8,10,12,84,156,228,180,133,86,0,0,0,1,0,0,0,2,4,7,79,152,225,213,202,191,0,5,10,15,16,17,18,12,6,0,69,138,208,181,155,129,0,0,0,0,0,0,0,0,0,0,5,10,16,12,8,4,11,7,3,0,6,12,18,12,6,0,0,0,0,0,0,0,0,2,5,8,5,2,0,1,2,4,2,1,0,9,19,29,0,2,4,6,4,2,1,0,0,0,0,1,2,1,0,0
4,3,2,1,0,0,0,0,1,2,4,6,8,6,4,3,8,5,3,1,4,7,10,6,3,0,0,0,0,0,0,0,0,0,0,0,0,0,0,0,1,2,1,0,0,3,6,10,9,9,10,11,7,3,0,5,10,16,10,5,0,3,6,9,0,0,0,0,0,0,0,0,0,0,3,6,10,6,3,0,3,2,1,0,1,2,4,2,1,0,58,116,175,124,73,22,1,1,1,1,0,0,0,2,4,6,80,154,228,152,76,0,6,4,2,0,3,7,11,23,35,48,87,127,167,114,61,8,0,0,0,0,2,5,8,41,74,107,112,117,123,82,41,0,0,6,12,18,12,6,0,10,21,32,89,146,204,187,170,153,13,8,4,0,5,10,16,12,8,4,10,16,22,19,17,15,0,0,0,0,0,0,0,2,4,6,4,2,0,0,0,0,0,6,12,19,12,6,0,0,0,0,5,10,15,10,5,0,0,0,0,0,2,4,6,7,8,9,6,3,0,0,0,0,5,3,2,1,0,0,0,0,0,0,3,6,10,8,7,6,1,0,0,0,1,2,3,4,6,8,5,2,0,0,0,0
0,0,0,0,3,7,11,7,3,0,0,1,2,4,7,10,2,6,10,14,9,4,0,0,0,0,0,0,0,0,0,0,8,5,2,0,0,0,0,5,11,17,11,5,0,1,3,5,0,0,0,0,36,73,110,121,132,144,96,48,0,1,3,5,0,0,1,2,53,105,157,189,221,253,184,115,47,35,23,11,6,4,2,0,22,45,68,130,192,255,207,160,113,76,40,4,0,1,2,3,9,16,23,97,171,246,221,197,173,115,57,0,4,2,1,0,0,0,0,71,143,215,218,221,225,154,83,13,10,6,3,0,0,0,0,49,98,148,179,211,243,192,141,90,0,0,0,0,0,0,0,24,49,74,134,194,255,235,215,195,1,4,7,11,9,7,6,6,7,8,86,164,243,247,251,255,0,0,0,0,0,0,0,2,4,6,75,144,214,225,237,249,6,8,11,14,10,6,3,2,1,0,0,0,0,2,4,7,0,0,0,0,0,0,0,3,6,9,6,3,0,0,1,2,1,1,2,3,6,9,13,9,6,3,2,1,0,0,0,0,3,2,1,0,4,8,12,8,4,0,3,6,9,7,5,4
2,1,0,0,0,0,0,0,0,0,1,2,3,3,3,4,0,0,1,2,4,6,8,9,10,11,7,3,0,0,0,1,6,6,6,6,4,2,0,0,0,0,0,0,0,4,8,12,0,0,1,2,1,1,1,3,6,9,6,4,2,1,0,0,0,3,6,10,41,73,105,113,122,131,92,53,14,9,4,0,7,5,3,2,53,104,156,187,219,251,182,114,46,40,34,28,0,0,0,0,25,50,76,135,195,255,204,153,103,98,93,88,0,5,10,15,11,8,5,85,165,245,223,201,180,170,160,150,0,3,6,10,6,3,0,61,122,184,197,211,225,221,218,215,12,8,4,0,1,3,5,47,89,131,166,201,237,240,244,248,0,0,0,0,0,0,0,21,42,64,125,187,249,251,253,255,0,0,0,0,2,4,6,4,3,2,1,0,0,1,2,3,0,7,14,21,14,7,0,0,0,0,3,6,10,6,3,0,0,0,0,0,0,0,0,0,0,0,0,0,0,2,4,7,0,4,9,14,10,6,3,2,1,0,2,4,6,5,4,3,2,1,0,0,0,0,0,6,12,19,12,6,0,0,0,0
5,3,1,0,0,0,1,0,0,0,4,8,13,8,4,0,0,2,4,7,4,2,0,5,11,17,11,5,0,0,0,0,4,2,1,0,0,0,0,0,0,0,0,0,0,3,6,10,0,1,2,3,32,61,90,65,40,15,13,11,9,7,5,3,0,1,2,3,42,81,120,107,94,82,54,27,0,0,0,0,14,9,4,0,9,19,29,68,107,146,97,48,0,3,6,10,0,0,0,0,0,0,1,62,124,186,125,65,5,7,10,13,0,3,6,10,6,3,0,50,100,151,109,67,26,25,25,25,9,6,3,0,3,6,9,36,63,91,90,89,88,97,106,115,2,3,5,7,4,2,0,7,15,23,66,109,153,151,150,149,0,4,8,12,8,4,0,0,0,0,65,131,197,186,175,165,0,0,0,1,2,4,6,4,2,1,43,85,127,118,109,100,6,5,4,4,2,1,0,0,0,0,4,8,13,10,7,4,0,4,8,13,8,4,0,1,2,4,2,1,0,0,0,0,0,2,4,6,4,2,0,3,6,10,8,7,6,6,7,8,11,7,3,0,1,2,4,2,1,0,0,0,0,2,4,6
0,0,1,2,1,1,1,0,0,0,0,1,2,2,2,2,8,8,8,8,5,2,0,0,0,0,1,2,3,2,1,0,0,1,2,4,6,8,10,6,3,0,1,3,5,3,1,0,10,6,3,0,0,0,0,0,0,0,1,2,4,2,1,0,8,5,2,0,0,0,1,23,45,68,46,25,4,2,1,0,0,0,0,0,5,10,15,57,99,141,105,69,33,22,11,0,8,6,5,4,2,1,0,28,56,84,90,96,103,68,34,0,0,0,0,1,0,0,0,2,5,8,61,114,168,112,56,0,0,2,4,7,6,6,6,4,2,0,57,114,172,133,94,55,2,1,0,0,0,0,0,2,5,8,39,70,102,124,147,170,16,10,5,0,0,0,0,3,6,10,21,33,45,94,144,194,0,0,0,0,5,10,15,10,5,0,0,0,0,7,14,22,20,17,15,13,8,4,0,0,0,0,8,16,24,16,8,0,0,3,6,9,6,3,0,1,2,3,2,1,0,0,0,0,0,2,4,6,4,2,0,2,4,6,4,2,0,10,21,32,2,1,0,0,4,8,12,8,4,0,1,2,4,2,1,0
3,2,1,0,0,0,0,1,2,3,2,1,0,0,0,0,4,2,1,0,1,2,4,2,1,0,3,6,10,6,3,0,0,1,2,3,2,2,2,3,4,6,4,2,0,0,0,0,55,76,97,119,119,120,121,116,112,108,78,48,18,31,44,57,53,88,123,158,186,214,242,205,169,133,89,46,3,17,31,45,0,22,45,68,130,192,255,198,142,86,57,28,0,0,0,0,0,5,11,17,93,170,247,211,175,140,98,57,16,12,8,5,0,0,0,0,68,136,204,203,203,203,135,67,0,3,7,11,7,4,2,0,43,87,131,169,207,245,169,93,18,12,6,0,0,4,8,12,22,32,43,113,184,255,197,139,82,54,27,0,3,8,13,19,12,6,0,81,162,243,217,191,165,130,96,62,0,0,0,0,1,2,3,34,66,98,137,176,216,217,218,219,13,9,6,3,4,6,8,10,12,14,9,4,0,0,0,0,0,0,0,0,2,4,7,4,2,0,0,0,0,6,12,19,2,3,5,7,4,2,0,1,2,3,3,3,4,3,2,1,1,0,0,0,0,0,0,0,0,0,1,2,4,2,1,0
13,8,4,0,2,4,6,4,2,0,2,4,6,4,2,0,0,0,1,2,1,0,0,0,0,0,0,1,2,4,6,8,6,8,10,13,11,9,7,6,5,4,3,2,1,0,0,0,0,0,0,0,0,0,0,0,0,0,0,0,0,0,0,1,13,8,4,0,0,0,0,2,4,6,8,10,12,8,4,0,0,7,15,23,79,135,192,205,218,232,157,83,9,22,35,49,0,0,0,0,16,33,50,118,186,255,208,162,116,77,38,0,5,3,1,0,0,0,0,82,164,247,202,157,113,75,37,0,3,2,1,0,4,8,13,77,141,206,185,164,143,96,49,2,0,4,8,13,8,4,0,44,88,133,164,195,226,168,110,53,6,4,2,0,3,6,10,22,34,47,83,119,156,186,217,248,0,3,6,10,6,3,0,0,0,0,0,1,2,5,8,12,8,5,2,0,3,7,11,7,3,0,7,14,22,14,7,0,0,2,4,7,4,2,0,3,7,11,7,3,0,3,6,10,17,11,5,0,0,0,0,6,12,18,12,6,1,0,0,0,0,4,8,13,8,4,0,1,2,3,2,1,0,0,1,2
0,0,0,0,0,0,1,1,2,3,2,1,0,3,6,10,23,16,9,3,2,1,0,2,4,6,4,2,0,1,2,4,0,0,0,0,2,5,8,5,2,0,2,5,8,10,13,16,6,50,94,138,163,188,214,146,78,10,6,3,0,0,0,0,0,27,54,82,137,192,247,166,85,4,4,4,4,4,4,5,9,11,13,15,91,167,244,190,136,83,55,27,0,10,20,30,5,3,1,0,61,122,184,178,172,166,110,55,0,30,60,91,0,0,0,1,39,77,116,143,170,198,133,68,4,59,114,169,0,2,4,7,19,31,44,109,174,240,166,92,19,92,166,240,0,0,0,0,0,0,0,78,156,235,205,176,147,173,199,226,7,4,2,0,0,0,0,49,98,148,182,217,252,216,181,146,0,0,0,1,11,21,31,48,66,84,133,182,231,180,129,79,5,3,1,0,0,0,0,0,0,0,6,12,19,12,6,0,3,2,1,0,3,6,10,10,10,11,7,3,0,2,5,8,9,6,3,0,3,6,9,6,3,0,0,1,2,1,0,0,0,4,9,14,9,4,0,1,3,5,3,1,0,2,4,6
8,5,2,0,0,0,0,1,3,5,3,1,0,0,0,0,0,3,7,11,7,3,0,1,2,4,2,1,0,1,2,4,12,10,9,8,5,2,0,0,0,0,2,4,7,4,2,0,0,1,3,5,3,1,0,5,11,17,12,8,4,2,1,0,13,8,4,0,0,0,0,58,116,174,168,162,157,104,52,0,0,0,0,0,0,0,0,32,65,98,142,187,232,156,80,4,13,8,4,0,0,0,0,3,7,11,90,170,250,179,109,39,0,3,7,11,8,5,2,4,7,10,69,128,187,161,136,111,0,0,0,0,2,5,8,5,2,0,42,84,127,141,155,169,0,0,0,0,0,0,0,0,0,0,13,27,41,111,181,251,4,2,1,0,1,2,3,8,13,18,12,6,0,72,144,217,3,2,1,0,1,2,4,2,1,0,0,0,0,9,18,28,0,0,1,2,3,4,6,4,2,0,8,16,24,16,8,0,8,9,11,13,9,6,3,2,1,0,2,5,8,5,2,0,0,0,0,0,0,0,0,4,8,12,8,4,0,0,0,0,3,2,1,1,2,3,4,3,2,1,0,0,0,0,0,0
12,8,4,0,0,0,0,4,8,13,8,4,0,0,0,0,0,1,2,3,2,1,0,3,6,9,6,3,0,5,11,17,19,13,7,2,1,0,0,0,0,0,2,4,7,4,2,0,0,10,21,32,86,140,194,213,232,252,249,246,244,183,123,63,21,14,7,0,39,78,117,159,201,243,246,250,254,176,98,20,7,4,2,0,20,41,62,126,190,255,254,254,254,188,122,56,0,0,0,1,10,19,28,103,179,255,252,250,248,197,147,97,4,3,2,1,0,0,0,80,160,241,245,250,255,212,169,126,9,6,3,0,0,0,1,66,131,196,215,235,255,225,195,165,0,0,1,2,5,9,13,65,117,169,197,226,255,243,231,219,3,2,1,0,0,0,0,41,83,125,168,211,255,224,193,163,5,3,1,0,7,15,23,42,61,80,138,196,255,181,107,34,0,6,13,20,13,6,0,3,6,10,16,22,29,19,9,0,0,0,0,0,5,11,17,11,6,1,1,1,2,4,6,8,10,6,3,0,2,4,6,4,2,1,0,0,0,3,6,10,0,0,0,0,1,3,5,3,2,1,1,1,2,1,0,0
0,1,3,5,4,4,4,2,1,0,0,0,1,0,0,0,0,0,0,0,0,0,0,1,3,5,4,4,4,7,11,15,4,6,9,12,8,4,0,0,0,0,0,1,2,1,0,0,0,2,5,8,7,6,5,3,1,0,5,11,17,12,7,3,0,0,0,0,1,2,4,7,10,14,31,48,65,91,117,144,14,9,4,0,2,4,7,21,35,49,62,75,88,143,199,255,1,0,0,0,0,0,0,8,16,25,60,96,132,173,214,255,0,2,4,7,5,4,3,3,3,4,82,161,240,240,240,241,0,0,0,0,0,0,0,17,34,52,119,187,255,219,183,148,10,7,4,1,2,3,4,17,30,44,106,168,230,210,190,170,0,0,0,0,2,4,7,4,2,0,9,18,27,25,23,22,9,6,3,0,4,9,14,11,8,5,3,1,0,1,2,3,2,1,0,0,0,0,0,3,6,10,6,3,0,1,2,3,4,5,6,8,7,6,6,4,2,0,0,0,0,0,0,0,0,0,0,0,0,0,0,0,0,0,3,7,11,11,11,11,6,4,2,0,1,3,5,3,1,0,0,0,0,0,0,0
2,2,2,2,1,1,1,1,2,3,3,3,3,2,1,0,0,0,0,0,0,0,0,0,0,0,0,0,0,3,7,11,3,2,1,1,0,0,0,0,0,0,0,0,0,5,10,15,4,2,1,0,0,1,2,1,0,0,0,0,0,5,10,16,2,1,0,0,1,2,4,3,3,3,3,3,3,7,11,15,5,3,1,0,1,2,4,4,4,5,3,1,0,0,0,0,5,3,1,0,0,0,0,1,2,4,2,1,0,0,0,0,0,0,0,0,0,0,0,2,4,7,4,2,0,2,5,8,6,4,2,0,2,4,7,6,5,5,3,1,0,1,2,3,0,3,6,9,6,3,0,0,0,0,2,4,7,9,11,13,4,4,4,4,2,1,0,3,7,11,7,3,0,35,71,107,0,4,9,14,9,4,0,0,0,0,27,55,83,55,27,0,1,0,0,0,3,6,9,8,7,7,4,2,0,3,7,11,0,1,2,4,2,1,0,0,1,2,1,0,0,2,5,8,0,5,10,15,10,5,0,0,0,0,4,8,12,8,4,0,2,1,0,0,4,8,13,10,7,4,2,1,0,0,0,0
0,1,3,5,3,1,0,3,7,11,7,3,0,0,0,0,1,0,0,0,4,8,12,8,4,0,4,8,12,10,9,8,1,0,0,0,2,4,6,5,4,3,2,2,2,1,0,0,0,0,0,0,0,0,0,3,7,11,7,3,0,0,1,2,1,1,2,3,6,9,13,8,4,0,0,0,0,15,30,46,1,0,0,0,0,0,0,0,0,1,0,0,0,8,16,25,1,0,0,0,0,0,0,4,9,14,9,4,0,0,0,0,2,1,1,1,4,7,10,6,3,0,1,2,3,7,11,16,5,3,1,0,0,0,0,0,0,0,0,0,0,4,8,13,0,0,0,0,0,1,2,2,2,3,11,19,27,38,49,60,0,0,0,0,0,0,0,4,8,12,20,28,37,37,37,38,0,1,2,3,2,1,0,0,0,0,3,7,11,7,3,0,0,3,6,10,7,4,1,0,0,0,0,0,0,3,7,11,0,1,2,4,2,1,0,0,0,0,1,2,3,3,3,4,11,7,3,0,0,0,0,3,7,11,7,3,0,0,0,0,2,1,0,0,0,1,2,2,2,2,1,0,0,2,4,6
6,4,2,0,0,1,2,1,0,0,2,4,7,4,2,0,0,0,0,1,0,0,0,1,2,4,2,1,0,0,0,0,11,7,3,0,2,5,8,5,2,0,5,10,16,11,6,2,9,6,3,0,2,4,7,4,2,0,22,44,67,91,116,141,0,2,4,6,4,2,0,3,6,10,21,32,43,109,175,242,4,3,3,3,2,1,1,1,1,1,0,0,0,40,81,122,6,4,2,0,3,6,10,6,3,0,0,0,0,1,2,3,0,4,8,12,8,4,0,0,1,2,1,0,0,1,2,4,6,4,2,0,0,0,0,5,10,16,10,5,0,0,0,0,0,4,9,14,9,4,0,0,0,0,0,0,0,38,76,114,0,0,0,0,4,8,12,8,4,0,11,23,35,99,163,228,1,3,5,7,5,3,1,3,5,8,57,106,156,185,214,243,2,1,0,0,0,0,0,0,0,0,0,0,0,2,4,6,2,1,1,1,0,0,0,0,0,0,4,9,14,9,4,0,8,5,2,0,4,8,12,9,6,4,3,3,3,2,1,1,3,5,7,10,6,3,0,0,0,0,0,0,1,0,0,0
0,0,0,0,1,3,5,4,4,4,5,6,8,7,6,5,0,4,8,12,11,10,10,6,3,0,0,0,0,0,0,0,4,2,1,0,0,1,2,1,0,0,0,0,0,0,0,0,0,0,0,0,2,5,8,8,8,8,5,2,0,0,0,0,0,6,12,18,12,6,0,0,0,0,20,41,62,85,109,133,7,4,2,0,0,0,0,0,0,0,19,39,59,115,172,229,9,6,3,0,4,8,13,10,8,6,4,2,0,37,74,111,0,1,2,3,2,1,0,1,2,4,4,4,4,3,2,1,0,0,0,0,0,0,0,1,3,5,4,4,4,17,30,43,15,10,5,0,1,2,4,2,1,0,3,6,9,76,143,211,0,3,6,10,6,3,0,2,4,7,53,100,147,179,211,243,2,1,0,0,1,2,4,2,1,0,0,0,0,0,0,0,1,5,10,15,10,5,0,0,0,0,9,18,27,18,9,0,0,0,0,0,0,1,2,2,2,2,1,0,0,0,0,0,9,6,3,1,4,7,10,8,6,4,2,1,0,3,7,11,0,0,0,1,0,0,0,2,4,7,9,11,14,9,4,0
0,0,0,0,3,7,11,7,4,1,2,3,5,3,1,0,15,10,5,0,3,7,11,7,3,0,0,0,0,6,13,20,0,0,0,0,0,0,0,0,0,0,4,8,12,8,4,0,0,5,10,15,11,7,4,2,1,0,11,22,33,43,53,63,0,0,1,2,1,0,0,4,8,12,22,33,44,112,180,249,8,5,2,0,0,0,0,0,0,0,0,0,0,42,85,128,7,5,3,1,1,1,1,3,5,8,7,6,5,3,1,0,0,0,0,0,1,2,3,2,1,0,0,0,0,3,7,11,8,5,2,0,6,12,19,12,6,0,0,0,0,0,1,2,0,2,5,8,5,2,0,2,4,7,4,2,0,27,55,83,11,9,7,5,3,1,0,3,6,10,14,18,22,82,142,203,0,0,0,0,0,0,0,1,3,5,51,97,144,181,218,255,11,7,3,0,4,9,14,11,8,6,4,2,0,0,0,0,0,2,5,8,5,2,0,0,0,0,7,14,21,14,7,0,8,5,2,0,4,8,13,8,4,0,0,0,0,3,6,10,0,0,0,0,0,0,0,1,2,3,2,1,0,0,0,0
3,2,1,0,4,8,13,8,4,0,1,2,4,4,5,6,0,1,2,3,2,2,2,3,4,5,3,1,0,0,0,0,3,2,1,0,0,0,0,3,6,10,6,3,0,2,4,7,7,4,2,0,2,4,7,4,2,0,1,2,4,2,1,0,0,3,6,10,6,3,0,0,0,0,22,44,67,76,85,95,0,0,0,0,0,0,0,4,8,12,28,44,61,115,169,223,0,2,4,6,7,8,9,6,3,1,0,0,0,46,92,139,0,2,5,8,5,2,0,0,0,0,7,14,22,14,7,0,0,0,1,2,2,3,4,5,6,7,5,4,3,15,27,40,6,4,2,0,1,2,3,2,1,0,3,7,11,79,147,215,0,5,10,16,10,5,0,3,7,11,56,102,148,178,208,239,0,0,0,0,1,3,5,3,1,0,0,0,0,1,2,3,0,4,8,13,8,4,0,0,0,0,10,21,32,21,10,0,0,0,0,0,2,4,7,6,5,5,3,1,0,0,0,0,6,4,2,0,2,4,6,4,3,2,1,0,0,6,12,18,4,4,5,6,4,2,0,2,4,6,8,11,14,9,4,0
0,1,2,3,2,1,0,0,0,0,4,8,13,8,4,0,9,6,3,0,0,0,0,6,13,20,13,6,0,0,0,0,0,0,0,0,0,0,0,0,0,0,2,4,6,4,2,0,0,4,8,13,10,8,6,4,2,0,20,40,60,72,84,97,6,4,2,0,0,1,2,2,2,3,20,37,54,110,166,223,0,0,0,0,0,0,0,3,6,9,7,5,3,43,83,123,2,3,5,7,5,3,2,2,3,4,2,1,0,0,0,0,3,2,1,0,3,6,10,6,3,0,0,0,0,3,6,10,0,3,7,11,7,3,0,1,2,3,2,1,0,0,0,0,0,1,3,5,4,4,4,2,1,0,6,12,18,24,30,37,0,2,5,8,5,2,0,2,5,8,7,7,7,75,143,212,11,7,3,0,2,4,6,4,2,0,45,91,137,158,180,202,0,0,0,0,2,4,7,4,2,0,0,0,0,0,0,0,7,4,2,0,4,8,13,10,8,6,4,2,0,0,0,0,0,7,14,22,14,7,0,0,0,0,5,10,15,10,5,0,12,8,4,0,4,8,13,10,8,6,4,3,2,2,3,4
0,2,4,7,4,2,0,0,0,0,5,10,15,10,5,0,4,4,4,4,2,1,0,1,2,4,2,1,0,0,0,0,0,0,0,0,2,5,8,5,2,0,1,2,3,6,10,14,24,16,8,0,0,0,0,0,1,2,1,0,0,0,0,0,0,9,18,27,18,9,0,6,13,20,26,32,39,30,21,12,7,4,2,0,0,1,2,1,0,0,26,52,79,132,185,239,0,0,1,2,2,3,4,9,14,19,12,6,0,40,80,121,2,1,0,0,2,5,8,5,2,0,0,0,1,0,0,0,0,1,2,3,4,6,8,5,2,0,2,4,7,12,17,23,10,6,3,0,0,0,0,0,0,1,2,4,6,70,134,198,1,5,9,14,10,7,4,6,9,12,48,84,121,141,162,183,4,2,1,0,4,9,14,9,4,0,0,0,0,0,0,0,0,4,8,13,12,11,10,6,3,0,4,8,12,9,6,3,25,16,8,0,0,0,0,0,0,0,0,0,0,0,0,0,0,0,0,0,8,16,24,16,8,0,0,0,0,1,2,3,0,7,14,21,14,7,0,0,0,0,1,2,4,2,1,0
0,3,6,10,6,3,0,0,0,0,1,3,5,3,1,0,0,0,0,0,0,1,2,1,0,0,0,0,0,6,12,18,19,12,6,0,0,0,1,1,1,2,3,4,6,4,2,0,0,0,0,0,2,4,6,4,2,1,0,0,0,0,0,0,15,17,20,23,15,7,0,0,0,0,10,21,32,88,145,202,0,0,0,0,0,0,0,2,5,8,5,2,0,57,114,172,3,2,1,0,0,0,0,3,6,10,6,3,0,21,42,63,0,3,6,10,6,3,0,0,0,0,0,0,1,2,3,5,8,6,4,3,2,1,0,3,6,10,6,3,0,7,15,23,4,2,1,0,5,11,17,11,5,0,13,26,39,96,154,212,0,2,4,7,7,8,9,9,9,9,70,131,193,151,109,68,2,3,4,5,3,1,0,58,117,176,160,145,130,86,43,0,4,3,2,2,1,0,0,0,0,0,0,0,1,0,0,0,0,2,4,6,4,2,0,1,2,4,2,1,0,0,0,0,0,1,2,4,5,6,7,4,2,0,4,8,12,8,4,0,0,0,0,0,0,0,0,0,1,2,1,0,0,3,7,11
2,1,0,0,1,2,4,6,9,12,8,4,0,0,0,0,7,4,2,0,0,0,0,0,1,2,4,6,8,5,2,0,0,0,1,2,1,0,0,0,0,0,2,4,7,4,2,0,0,1,2,3,5,7,9,6,3,0,3,7,11,10,9,9,13,8,4,0,0,0,0,0,0,0,0,0,0,2,4,6,0,4,9,14,14,14,14,9,4,0,15,31,47,86,125,165,0,0,0,0,0,0,0,0,0,0,0,0,0,9,19,29,0,5,10,16,10,5,0,0,0,0,1,3,5,4,3,3,0,5,10,16,10,5,0,0,0,0,4,8,12,70,128,186,1,0,0,0,1,2,4,2,1,0,63,127,191,146,101,57,0,0,0,0,5,10,16,14,13,12,8,4,0,0,0,0,0,1,3,5,3,1,0,1,3,5,3,1,0,4,8,13,2,3,4,6,6,6,7,4,2,0,0,0,0,0,0,0,0,2,4,6,4,2,0,3,6,10,6,3,0,2,5,8,6,6,6,6,7,8,10,6,3,0,2,4,6,6,6,6,8,5,2,0,0,0,1,2,3,5,3,1,0,0,0,0
5,4,4,4,2,1,0,0,0,0,0,0,1,4,7,10,0,1,2,4,2,1,0,3,7,11,7,3,0,0,0,0,8,5,2,0,1,2,4,2,1,0,7,15,23,15,7,0,4,2,1,0,1,2,3,2,1,0,24,48,73,98,123,148,0,4,8,13,8,4,0,1,2,4,18,33,48,115,182,250,0,1,2,3,2,1,0,3,6,10,6,3,0,37,75,113,6,4,2,0,1,2,4,4,5,6,4,2,0,0,0,0,0,6,12,18,12,6,0,0,0,0,0,0,0,4,9,14,0,5,11,17,11,5,0,0,1,2,4,6,8,5,2,0,0,0,0,0,1,2,4,2,1,0,0,0,0,39,78,118,12,8,4,0,3,7,11,10,9,9,14,19,25,93,161,230,0,5,10,16,10,5,0,5,10,15,62,110,158,190,222,254,7,6,5,5,5,5,6,6,6,7,4,2,0,0,0,0,0,3,6,10,6,3,0,0,0,0,6,13,20,13,6,0,5,6,7,8,5,2,0,0,0,0,1,2,3,2,1,0,3,2,1,0,0,0,1,1,2,3,2,1,0,0,0,0
0,1,2,3,2,1,1,0,0,0,1,3,5,6,8,10,22,14,7,0,0,0,0,3,6,9,6,3,0,0,0,0,0,0,0,0,0,0,0,0,0,0,0,0,0,0,0,0,0,0,1,2,1,0,0,1,3,5,7,9,11,7,3,0,4,6,8,10,6,3,0,3,6,9,25,41,57,84,111,139,0,2,4,7,6,5,4,2,1,0,16,32,48,117,186,255,5,3,1,0,0,0,0,1,2,3,2,1,0,37,75,113,0,0,1,2,1,0,0,3,7,11,7,3,0,0,0,0,0,0,1,2,1,0,0,2,4,6,4,2,0,24,48,72,33,22,11,0,1,2,4,4,4,4,9,14,19,81,143,206,0,4,8,12,8,4,0,0,0,0,50,101,152,186,220,255,23,15,7,0,6,12,18,12,6,0,0,0,0,1,3,5,8,5,2,0,0,0,0,2,4,7,6,6,6,7,8,10,0,0,0,1,1,2,3,5,8,11,7,3,0,0,0,0,0,2,5,8,5,2,0,0,0,0,3,6,9,6,3,0,0,1,2,4,2,1,0,0,0,0,2,4,6,5,5,5
0,0,0,0,0,0,1,1,1,1,2,3,4,2,1,0,0,5,10,16,10,5,0,0,0,0,0,0,0,1,3,5,0,0,0,0,0,0,0,0,0,0,7,15,23,15,7,0,5,3,1,0,0,0,0,1,2,3,25,48,71,65,59,53,0,2,4,7,5,3,1,0,0,0,16,32,48,82,116,150,0,1,2,3,2,1,0,1,2,3,2,1,0,34,68,102,11,7,3,0,0,0,1,4,8,12,8,4,0,4,8,12,0,0,0,0,4,8,12,8,4,0,0,0,0,0,0,0,15,10,5,0,0,0,1,2,4,6,7,9,11,7,3,0,0,0,0,0,1,2,3,3,3,3,2,1,0,33,66,99,5,8,11,15,10,5,0,3,6,10,11,12,14,67,120,174,0,0,0,0,5,10,15,10,5,0,49,99,149,107,66,25,15,10,5,0,1,2,3,4,5,6,5,4,3,2,1,0,0,2,4,6,4,2,0,5,10,16,10,5,0,1,2,3,11,7,3,0,1,2,3,2,1,0,3,6,9,11,13,15,0,1,3,5,3,1,0,5,10,15,10,5,1,0,0,0
0,0,0,0,2,4,6,4,2,0,2,4,7,6,5,5,9,6,3,0,0,0,0,2,4,6,4,2,0,0,0,0,0,2,4,7,7,7,7,4,2,0,0,0,0,0,0,0,0,4,8,12,8,4,0,7,14,22,14,7,0,0,0,1,0,3,6,9,6,3,0,0,0,0,5,10,15,29,44,59,1,2,3,4,2,1,0,2,5,8,5,3,1,4,8,12,0,0,0,0,5,10,15,10,5,0,0,0,0,2,4,6,4,2,1,0,0,0,0,2,5,8,5,2,0,2,4,6,4,3,2,2,1,0,0,3,7,11,7,3,0,0,0,0,0,3,6,10,6,3,0,0,0,0,3,6,10,6,3,0,7,6,5,4,2,1,0,5,11,17,11,5,0,31,62,93,1,1,1,2,1,0,0,0,0,0,2,4,7,13,19,26,0,2,4,6,6,6,6,4,2,0,3,7,11,7,3,0,0,3,7,11,8,5,2,4,6,8,5,2,0,7,14,21,0,2,5,8,5,2,0,0,0,0,3,7,11,7,3,0,7,4,2,0,5,10,15,11,7,4,2,1,0,0,0,0
0,2,4,6,4,2,0,0,0,0,4,8,12,8,4,0,10,6,3,0,4,8,12,11,10,9,6,3,0,4,8,13,0,0,0,0,0,0,1,0,0,0,3,6,10,6,3,0,0,5,10,15,10,5,0,10,21,32,62,92,123,121,120,119,7,7,7,8,5,2,0,16,33,50,71,93,115,161,208,255,3,2,1,0,0,0,0,4,8,12,11,11,11,68,125,182,0,0,0,1,3,5,7,4,2,0,0,0,0,16,32,49,10,6,3,0,2,4,6,6,7,8,5,2,0,0,0,0,0,0,1,2,6,10,14,9,4,0,6,13,20,13,6,0,24,16,8,0,0,0,0,1,3,5,3,1,0,64,129,194,0,0,1,2,1,0,0,5,10,15,59,104,149,155,161,168,4,2,1,0,1,3,5,42,80,118,152,186,220,214,209,204,0,8,16,24,16,8,0,0,0,0,0,0,0,8,16,25,0,0,0,0,0,1,2,1,0,0,2,4,7,4,2,0,4,5,7,9,6,3,0,3,7,11,7,3,0,0,1,2,4,3,2,1,0,0,0,0,0,0,5,10,15,10,5,0
2,1,0,0,3,7,11,8,5,2,1,0,0,1,2,4,9,6,3,0,0,0,0,3,6,10,6,3,0,0,1,2,0,7,14,22,14,7,0,0,0,0,2,4,7,4,2,0,0,0,0,0,2,4,7,4,2,0,0,0,0,2,5,8,5,3,2,1,0,0,0,3,7,11,10,9,8,5,2,0,3,2,2,2,1,0,0,0,0,0,0,0,0,44,88,133,0,0,0,1,2,3,5,8,12,16,10,5,0,1,2,4,3,2,1,0,3,7,11,7,3,0,2,4,7,4,2,0,0,5,10,16,10,5,0,0,1,2,1,0,0,2,5,8,15,10,5,0,0,0,0,1,2,4,2,1,0,43,86,130,0,0,0,0,2,4,6,4,2,0,0,0,0,43,86,130,0,3,6,10,8,7,6,6,6,7,5,3,1,0,0,0,14,9,4,0,0,0,0,0,0,1,0,0,0,0,0,0,0,0,0,0,0,1,2,5,9,13,10,7,4,2,1,0,6,4,2,1,0,0,0,0,0,0,1,2,4,2,1,0,0,0,0,0,3,7,11,8,5,2,1,0,0,1,3,5
1,1,1,1,0,0,0,3,6,10,6,3,0,0,1,2,7,4,2,0,1,2,3,2,1,0,1,3,5,4,4,4,0,0,0,1,1,1,1,3,6,9,6,3,0,0,0,0,1,2,4,6,4,2,0,11,23,35,103,171,240,210,180,150,0,1,2,3,2,1,0,0,0,0,39,79,119,161,204,247,2,1,1,1,0,0,0,6,13,20,13,6,0,72,144,217,2,2,2,3,2,1,0,0,0,0,2,5,8,12,16,21,2,1,0,0,0,0,0,1,2,4,2,1,0,3,7,11,4,2,1,0,0,0,0,1,3,5,3,1,0,24,48,72,0,0,0,0,2,5,8,7,6,5,10,15,21,87,154,221,9,6,3,0,0,0,0,2,5,8,60,113,166,182,198,215,0,8,16,25,16,8,0,25,50,76,134,192,250,188,127,66,6,4,2,0,2,5,8,5,2,0,2,4,7,5,3,2,0,3,7,11,7,3,0,3,6,10,6,3,0,1,2,3,4,3,2,1,0,0,0,0,0,0,4,9,14,9,5,1,0,2,4,6,6,7,8,7,6,6,4,2,0,2,4,7
7,4,2,0,0,0,0,0,1,2,1,0,0,0,0,0,0,2,4,6,8,10,12,8,5,2,1,0,0,1,2,4,10,6,3,0,2,4,7,4,2,0,6,13,20,13,6,0,4,2,1,0,0,1,2,7,12,18,12,6,0,0,0,0,0,1,2,3,2,1,0,0,0,0,21,43,65,128,191,255,0,3,6,10,6,3,0,4,9,14,10,7,4,48,92,136,9,6,3,0,0,0,0,0,0,0,0,0,0,8,16,25,0,1,3,5,4,4,4,3,3,3,2,1,0,0,0,1,0,2,4,6,4,2,0,0,0,0,0,0,0,10,20,30,3,2,1,0,7,14,21,14,7,0,1,2,4,64,125,186,1,0,0,0,0,0,0,2,4,6,44,83,122,157,192,227,0,0,0,0,2,4,7,4,2,0,0,0,0,3,7,11,0,8,16,25,16,8,0,0,0,0,9,18,27,18,9,0,0,0,0,0,0,0,0,0,1,2,2,2,2,1,0,0,9,6,3,0,0,0,0,1,2,4,2,1,0,5,10,16,0,2,4,7,7,8,9,6,3,0,3,6,9,6,3,0
4,2,1,0,0,0,0,4,9,14,9,4,0,0,1,2,1,3,5,8,7,7,7,4,2,0,0,0,0,3,7,11,0,0,0,0,3,7,11,7,3,0,0,0,0,1,2,4,15,11,8,5,3,1,0,0,0,0,31,62,93,147,201,255,0,0,0,1,3,6,9,6,3,0,2,4,7,72,137,203,11,7,3,0,0,0,0,5,11,17,11,5,0,40,80,121,0,2,4,6,4,2,0,0,0,0,0,0,0,19,39,59,0,1,2,3,3,3,3,2,1,1,2,3,4,2,1,0,13,8,4,0,3,6,9,6,3,0,0,0,0,18,37,56,0,6,13,20,13,6,0,0,0,0,13,27,41,36,31,26,0,7,15,23,15,7,0,16,32,49,46,43,41,30,20,10,3,12,21,31,42,53,65,77,90,103,71,39,8,5,2,0,5,3,1,0,0,0,0,0,1,2,1,1,1,5,10,15,0,1,3,5,5,6,7,4,2,0,0,1,2,1,0,0,8,5,2,0,0,0,0,0,0,0,0,0,0,0,0,0,0,2,5,8,6,4,3,2,1,0,1,2,3,2,1,1
0,1,2,3,2,1,0,0,0,0,4,9,14,10,7,4,4,2,1,0,0,0,0,7,14,21,14,7,0,0,1,2,0,5,10,15,10,5,0,0,0,0,0,0,1,2,3,4,0,2,4,7,8,10,12,10,9,8,5,2,0,0,0,0,0,6,12,18,12,6,0,0,0,0,28,56,84,112,140,168,0,0,0,0,1,3,5,18,32,46,36,27,18,87,156,226,8,5,3,1,0,0,0,4,8,12,8,4,0,52,104,156,0,0,0,0,6,12,19,22,25,28,21,15,9,31,54,77,0,0,0,0,17,34,51,119,187,255,230,206,182,146,110,74,16,10,5,0,18,36,55,117,179,242,218,195,172,123,74,25,0,2,4,6,9,13,17,17,17,18,15,13,11,7,4,1,0,0,0,0,0,0,0,0,0,0,3,6,9,11,13,15,4,8,12,17,17,18,19,12,6,0,0,0,0,2,5,8,4,2,1,0,0,0,0,1,3,5,5,5,5,3,1,0,0,2,4,6,5,4,4,6,9,12,8,4,0,0,0,0,0,1,3,5,3,1,0,0,0,0,1,2,3,3,3,3
0,0,0,1,0,0,0,1,3,5,3,1,0,3,6,10,0,2,4,6,4,2,0,1,2,3,4,6,8,5,2,0,3,2,1,1,0,0,0,2,5,8,7,7,7,4,2,0,5,3,1,0,0,0,0,4,8,12,8,4,0,17,34,51,2,1,0,0,0,0,1,2,3,4,2,1,0,21,42,63,0,2,4,7,4,2,0,0,0,0,2,4,7,11,15,19,0,2,4,7,4,2,0,0,0,0,3,6,10,6,3,0,1,0,0,0,0,0,1,2,3,5,3,1,0,0,0,0,2,1,0,0,0,0,0,3,7,11,9,7,5,3,1,0,4,3,3,3,2,1,0,0,0,0,0,0,0,0,0,0,0,1,3,5,3,1,0,0,0,0,0,0,1,2,3,4,0,0,1,2,2,2,2,1,0,0,1,3,5,5,5,6,2,1,0,0,1,2,4,3,2,2,1,0,0,0,0,0,4,2,1,0,1,2,3,4,5,7,4,2,0,0,0,0,0,0,0,0,1,2,3,4,6,8,5,2,0,1,2,4,1,0,0,0,1,2,4,4,4,4,2,1,0,5,10,16
4,2,1,0,0,0,0,2,4,7,4,2,0,3,7,11,1,2,3,4,2,1,0,0,0,1,0,0,0,0,0,0,0,2,5,8,5,2,0,0,0,0,0,0,0,0,0,1,0,0,1,2,1,0,0,0,0,0,1,2,4,15,26,37,1,0,0,0,0,0,0,2,4,6,5,4,4,28,52,77,9,6,3,0,0,1,2,4,7,10,6,3,0,27,54,82,5,3,1,0,1,2,4,3,3,3,2,1,0,16,32,48,0,0,0,0,1,2,3,2,1,0,0,0,0,4,8,12,0,1,2,4,3,3,3,2,1,0,4,8,12,8,4,1,18,12,6,0,0,0,1,0,0,0,0,0,1,0,0,0,0,0,0,0,2,4,6,4,2,0,0,0,0,5,11,17,9,8,7,6,5,4,4,2,1,0,3,6,10,21,32,43,0,0,0,0,1,2,3,11,19,28,40,52,65,56,48,40,0,2,4,7,4,2,0,0,0,0,5,10,15,10,5,0,0,3,6,9,11,13,15,10,5,1,1,2,3,4,6,8,14,9,4,0,0,0,0,1,2,3,2,1,0,0,0,1
0,2,4,6,4,2,0,0,0,0,4,9,14,9,4,0,0,0,0,0,4,8,12,15,18,21,14,7,0,3,6,9,5,6,7,8,5,2,0,0,0,0,4,9,14,9,4,0,0,4,8,13,8,4,0,0,0,0,42,85,128,121,114,107,3,2,1,0,3,6,9,9,9,10,41,72,103,153,204,255,10,6,3,0,0,0,0,0,0,0,1,2,3,73,144,215,0,0,1,2,3,4,6,8,10,13,8,4,0,28,57,86,0,0,0,0,0,0,0,0,0,0,0,0,0,7,15,23,0,1,2,3,2,1,0,3,6,9,6,3,0,0,0,0,5,4,3,3,2,1,0,0,0,0,0,0,0,0,0,0,7,4,2,0,0,0,0,0,0,0,4,8,12,8,4,1,0,1,2,3,5,7,9,6,4,2,1,0,0,0,0,0,8,5,3,1,0,0,0,2,4,6,5,4,3,2,1,0,0,3,6,10,6,3,0,3,7,11,7,3,0,0,0,0,0,0,0,1,0,0,0,3,6,10,6,3,0,2,5,8,7,5,3,1,0,0,0,1,2,3,2,1,0,1,2,3
0,0,0,0,4,8,12,8,4,0,1,2,3,3,3,3,3,2,1,0,0,0,0,2,5,8,5,2,0,1,3,5,5,5,5,5,5,5,5,3,1,0,0,0,0,0,0,0,0,0,1,2,1,0,0,0,0,0,39,79,119,114,109,105,0,0,1,2,1,0,0,3,6,9,56,103,151,181,211,241,1,2,3,5,3,1,0,3,6,9,22,35,48,117,186,255,2,1,0,0,0,0,0,0,1,2,3,5,7,71,135,200,0,2,4,6,8,10,13,8,4,0,0,0,0,32,65,98,0,0,1,2,2,2,2,1,0,0,4,8,12,10,8,6,3,2,1,0,0,1,2,1,0,0,0,1,2,1,1,1,5,4,3,2,1,0,0,3,7,11,7,3,0,0,0,1,0,0,0,0,0,0,0,0,0,0,24,48,73,87,101,116,8,5,2,0,2,4,7,4,2,0,52,105,158,177,196,216,0,1,2,4,4,5,6,4,2,0,0,0,0,0,0,1,5,3,1,0,0,0,0,11,22,33,23,14,5,3,1,0,6,4,2,0,6,13,20,13,6,0,2,4,6,6,6,6
0,6,12,19,13,8,3,2,1,0,2,4,6,5,5,5,0,0,0,0,0,0,0,3,6,10,6,3,0,4,8,12,7,7,8,9,6,3,0,3,6,9,11,13,16,10,5,0,0,0,0,0,0,0,0,0,0,0,18,36,55,56,57,58,5,4,3,2,4,7,10,12,14,16,34,52,70,127,185,243,0,2,4,6,4,2,0,0,0,0,4,8,13,73,134,195,0,6,13,20,13,6,0,0,0,0,0,0,0,14,29,44,2,1,0,0,3,7,11,7,3,0,2,4,6,4,2,0,7,4,2,0,0,0,0,2,5,8,5,2,0,0,0,1,0,3,6,9,6,3,0,0,0,0,0,0,0,4,8,13,0,2,4,6,4,2,1,1,1,1,3,5,7,4,2,0,4,3,2,1,0,0,0,0,0,0,0,0,1,0,0,0,0,0,0,0,2,4,6,5,5,5,3,1,0,0,0,0,12,8,4,0,0,0,0,0,0,0,0,0,0,4,8,13,2,1,0,0,0,0,0,4,9,14,9,4,0,0,0,0,0,4,8,12,8,4,0,0,0,0,0,0,0,0,0,0
6,4,2,0,3,7,11,7,3,0,3,7,11,9,8,7,0,4,8,13,8,4,0,1,2,3,2,1,0,0,0,0,8,8,8,9,6,3,0,0,0,1,0,0,0,0,0,0,0,0,0,0,0,0,0,2,4,7,33,60,87,88,89,90,0,6,12,18,13,8,3,2,1,0,48,96,145,175,206,237,4,4,4,5,3,1,0,0,0,0,17,35,53,120,187,255,1,0,0,0,0,0,1,8,15,23,15,7,0,63,127,191,2,3,4,5,3,1,0,0,0,0,0,0,0,32,64,97,5,3,1,0,0,0,0,0,0,0,0,0,0,5,10,16,0,6,12,19,12,6,0,0,0,0,7,14,21,14,7,0,0,4,9,14,9,5,1,0,0,0,0,0,0,6,12,19,8,5,2,0,0,0,0,4,9,14,30,46,62,108,155,202,14,11,8,5,3,1,0,0,0,0,16,32,48,70,92,115,0,1,2,3,3,3,4,2,1,0,0,0,1,0,0,0,0,0,0,0,1,3,5,5,5,5,4,4,4,2,1,0,6,4,2,1,1,1,2,1,0,0,0,0,0,0,0,0
7,4,2,0,3,6,10,8,6,5,3,1,0,0,0,0,0,0,0,0,1,2,3,2,1,0,1,3,5,4,3,3,0,4,9,14,9,4,0,3,6,10,7,5,3,2,1,0,4,2,1,0,0,0,1,1,2,3,25,47,69,64,59,54,10,6,3,0,0,0,1,0,0,0,23,46,70,120,170,220,0,3,7,11,7,3,0,3,6,9,6,3,0,67,135,203,0,0,0,0,5,11,17,11,5,0,0,0,0,10,20,31,4,2,1,0,0,0,0,1,3,5,4,4,4,4,5,6,0,0,0,0,0,1,2,2,3,4,2,1,0,2,5,8,0,1,2,3,3,3,4,2,1,0,0,0,0,3,6,9,5,3,1,0,0,0,0,1,3,5,3,1,0,0,0,0,3,2,1,0,0,0,0,3,6,9,7,5,3,2,1,0,0,2,4,6,4,2,0,0,0,0,1,2,3,6,10,14,0,2,4,7,4,2,0,0,0,0,1,2,3,4,5,6,1,1,1,1,0,0,0,0,1,2,2,2,3,2,1,0,0,3,6,9,6,3,0,0,0,0,0,0,0,0,0,0
0,0,0,0,0,0,0,1,3,5,5,5,5,3,1,0,2,2,2,2,4,6,8,5,2,0,0,0,0,2,4,6,0,0,0,1,2,3,4,2,1,0,0,0,0,0,0,0,0,1,2,4,2,1,0,0,0,0,17,35,53,47,42,37,0,2,4,7,4,2,0,4,8,13,37,61,85,112,139,166,1,0,0,0,0,0,0,0,0,1,13,26,39,106,173,240,0,0,0,0,0,0,0,0,0,0,0,0,0,54,108,163,0,1,3,5,3,1,0,2,4,7,4,2,0,17,34,52,3,2,1,0,0,0,0,0,0,0,2,5,8,5,2,0,2,2,3,4,4,5,6,5,4,3,2,1,0,1,2,3,0,0,0,0,2,4,6,4,2,0,0,1,2,3,5,7,0,0,0,0,1,3,5,3,1,0,5,10,15,12,10,8,0,1,2,4,5,7,9,6,3,0,0,0,0,4,8,12,0,3,6,10,9,8,7,4,2,0,0,0,0,4,8,12,0,1,2,4,2,1,0,0,0,0,3,7,11,7,3,0,2,2,2,2,1,0,0,0,0,0,2,4,7,4,2,0
4,2,1,0,4,8,13,8,4,0,2,4,6,7,8,9,0,6,12,18,15,12,9,6,3,0,0,0,0,0,0,0,0,0,0,0,0,0,0,1,3,5,4,3,2,1,0,0,20,13,6,0,5,10,15,10,6,2,1,0,0,4,8,12,0,0,0,0,0,0,0,0,0,0,24,49,74,111,148,186,0,3,6,10,6,3,0,0,0,0,5,10,16,82,148,215,13,8,4,0,0,0,0,2,5,8,5,2,0,46,92,139,0,0,0,0,1,3,5,3,1,0,2,4,7,17,27,37,5,3,1,0,0,1,2,5,8,12,8,4,0,1,2,4,2,7,12,17,11,5,0,1,2,3,2,1,0,0,0,0,0,4,8,12,8,4,0,0,0,0,0,0,1,8,16,24,2,2,3,4,9,14,19,12,6,0,5,10,16,32,48,64,0,0,0,0,0,0,1,0,0,0,0,0,0,4,8,12,6,7,8,10,6,3,0,3,7,11,9,7,5,3,1,0,0,0,0,0,0,0,0,1,2,4,4,4,5,3,1,0,3,2,1,0,5,11,17,11,5,0,0,0,0,4,8,12
0,0,0,1,0,0,0,1,2,3,2,1,0,0,0,0,0,0,0,0,0,0,0,0,0,0,0,0,0,0,0,0,6,4,2,0,3,6,10,10,11,12,9,6,4,2,1,0,0,0,0,0,0,0,0,0,0,0,0,0,0,6,12,18,1,7,13,20,14,8,3,2,1,0,1,2,4,30,57,84,0,0,0,0,0,0,0,0,0,0,0,0,0,7,14,22,7,4,2,0,1,2,4,6,9,12,10,8,6,4,2,0,0,0,1,2,5,8,12,8,4,0,0,0,1,5,9,13,9,6,3,0,0,0,1,0,0,0,1,2,3,2,1,1,8,5,2,0,3,6,10,6,3,0,2,4,7,4,2,0,0,1,2,4,4,4,5,4,4,4,2,1,0,6,12,19,6,7,8,9,6,3,0,0,0,1,29,58,87,128,169,210,5,3,1,0,0,1,2,1,0,0,7,14,21,20,19,18,0,0,0,0,0,1,2,7,12,17,12,7,2,3,4,6,7,4,2,0,0,1,2,1,0,0,3,6,10,6,3,0,0,4,8,13,8,4,0,3,6,9,6,3,0,3,7,11
0,2,4,7,4,2,0,0,0,0,2,4,7,9,12,15,0,5,11,17,11,5,0,2,4,6,4,2,0,0,0,0,0,0,0,0,0,0,0,0,0,0,5,10,15,12,10,8,4,2,1,0,2,5,8,5,2,0,31,62,94,115,137,159,8,5,2,0,3,6,10,7,5,3,36,69,103,153,204,255,0,0,0,0,0,0,0,0,0,0,8,17,26,88,150,212,0,1,2,4,5,6,7,4,2,0,0,0,0,31,63,95,2,1,0,0,5,11,17,11,5,0,0,0,0,2,4,7,1,0,0,0,2,4,7,5,4,3,3,3,4,4,4,4,2,2,2,2,2,2,2,1,0,0,0,1,2,1,0,0,0,1,2,4,2,1,0,0,0,0,4,9,14,9,4,0,0,3,6,9,10,11,13,8,4,0,0,0,0,0,0,0,12,8,4,0,0,0,0,0,0,1,3,6,9,6,3,0,0,0,0,0,1,3,5,4,4,4,2,1,0,0,0,0,0,0,0,0,0,0,0,1,2,3,2,1,1,2,3,5,0,3,6,10,6,3,0,0,0,0,1,2,4,2,1,0
1,1,1,1,0,0,0,0,1,2,2,2,2,1,0,0,1,0,0,0,0,0,0,5,10,16,10,5,0,2,4,7,0,3,7,11,7,3,0,0,0,0,0,0,0,1,2,4,0,5,10,16,10,5,0,0,0,0,41,82,124,128,132,137,0,2,5,8,5,2,0,0,1,2,51,101,151,185,220,255,0,0,0,0,0,0,0,0,0,0,13,26,40,111,183,255,10,6,3,0,0,0,0,2,4,6,6,7,8,72,137,202,0,0,0,0,5,10,16,10,5,0,0,0,0,30,60,91,0,6,13,20,13,6,0,0,0,0,1,3,5,9,13,18,0,0,1,2,1,0,0,6,12,18,14,10,6,4,2,0,5,3,1,0,0,0,0,0,0,0,0,0,0,2,4,6,0,0,1,2,4,7,10,11,12,13,39,65,91,121,151,181,17,11,5,0,0,0,0,0,0,0,40,80,121,153,185,218,0,0,1,2,5,9,13,8,4,0,0,0,0,2,4,7,0,0,0,0,0,0,0,2,4,6,7,8,9,6,3,0,0,3,7,11,7,3,0,0,0,0,0,0,0,0,1,2
3,2,1,1,0,0,0,1,2,4,2,1,0,0,0,0,0,0,0,0,2,4,7,4,2,0,0,0,0,3,6,9,5,10,15,20,13,6,0,2,4,6,4,2,0,0,0,1,0,0,0,0,0,1,2,3,4,5,38,72,106,70,35,0,0,0,0,0,1,3,5,3,1,0,38,76,115,107,100,93,0,8,16,25,16,8,0,0,0,0,2,4,6,64,123,182,0,0,0,0,4,8,12,8,4,0,0,1,2,35,69,103,11,7,3,0,0,0,0,2,4,6,5,4,3,2,1,0,0,1,3,5,5,5,5,3,1,0,0,1,2,2,3,4,6,4,2,0,0,0,0,0,0,0,2,5,8,5,2,0,3,2,1,0,0,0,0,0,0,1,1,1,2,1,0,0,0,0,0,0,1,2,4,3,2,1,0,0,0,0,0,0,1,0,0,0,0,0,0,0,0,0,1,2,3,2,2,2,0,0,0,1,2,3,5,3,1,0,0,0,0,0,0,1,0,0,0,0,2,5,8,5,2,0,0,0,0,0,0,1,7,4,2,0,0,0,0,0,0,0,1,3,5,5,6,7
0,2,5,8,5,2,0,0,0,0,4,9,14,9,4,0,8,5,2,0,2,5,8,10,12,14,9,4,0,0,0,0,1,0,0,0,0,1,2,5,8,12,8,4,0,0,0,0,0,1,3,5,3,1,0,0,0,0,5,10,15,34,53,73,0,1,3,5,4,4,4,2,1,0,0,0,0,50,100,150,0,1,2,4,3,2,1,0,0,0,0,0,0,24,48,73,0,1,3,5,3,1,0,0,0,0,4,8,13,8,4,0,7,4,2,0,0,0,0,3,6,9,6,3,0,3,6,9,9,6,3,0,0,0,0,4,8,12,8,4,0,4,8,12,0,7,14,22,14,7,0,0,1,2,7,12,18,12,6,0,0,3,7,11,7,3,0,0,0,0,0,0,0,0,0,0,4,3,2,2,1,0,0,3,7,11,7,4,1,1,1,1,2,1,0,0,2,4,7,5,4,3,3,4,5,48,91,135,2,5,9,13,8,4,0,0,0,0,1,2,3,5,7,10,2,1,0,0,0,0,0,0,0,0,0,0,0,0,0,0,0,1,2,4,3,3,3,2,1,0,0,1,2,1,0,0
6,4,2,0,0,0,0,0,0,0,0,0,1,1,1,1,0,3,6,10,6,3,0,0,1,2,4,6,9,11,14,17,0,3,7,11,7,3,0,4,9,14,9,4,0,0,0,0,0,0,0,0,0,0,0,25,50,76,93,110,127,127,127,127,6,4,3,2,1,0,0,22,44,67,112,157,202,217,232,248,0,1,3,5,7,9,11,7,4,1,21,42,63,124,185,247,0,0,0,0,4,9,14,10,6,2,2,2,2,67,132,198,9,6,3,1,0,0,0,2,5,8,5,2,0,9,19,29,1,0,0,0,0,1,2,1,0,0,2,4,7,7,7,7,5,3,1,0,0,0,1,0,0,0,0,0,0,0,0,0,0,0,0,0,1,3,5,4,3,3,3,3,4,5,7,9,6,5,4,3,2,1,0,0,0,0,3,6,9,26,44,62,0,0,0,1,3,5,7,4,2,0,1,2,3,3,3,3,8,5,2,0,0,0,0,0,1,2,1,0,0,0,0,0,0,0,0,0,0,1,2,6,10,14,11,8,5,3,1,0,6,4,2,1,2,3,5,3,1,0,0,0,0,1,2,4
0,5,11,17,11,5,0,0,0,1,0,0,0,2,5,8,0,0,0,0,1,3,5,6,7,9,6,3,0,3,7,11,9,6,3,0,1,2,4,2,1,0,0,0,0,0,0,0,0,8,16,24,16,8,0,4,9,14,75,136,198,210,222,235,0,1,2,3,3,3,4,3,2,1,13,25,37,102,167,233,0,1,3,5,3,1,0,0,0,0,6,13,20,96,172,249,16,10,5,0,0,0,0,2,5,8,6,5,4,61,118,175,0,1,2,4,5,6,7,4,2,0,0,0,0,45,91,137,12,8,4,0,0,0,0,1,2,3,2,1,0,3,6,10,0,0,0,0,1,2,4,8,13,18,12,6,0,0,0,1,0,5,11,17,11,5,0,0,0,0,33,66,99,147,195,243,7,6,5,4,2,1,0,3,7,11,23,35,48,56,64,72,0,0,0,0,0,0,0,0,0,0,0,0,0,0,0,0,2,1,0,0,0,0,0,2,5,8,8,8,8,5,2,0,0,2,4,6,5,4,4,2,1,0,0,0,0,1,3,5,0,0,0,0,0,1,2,2,3,4,2,1,0,0,0,0
0,0,0,0,4,9,14,12,11,10,6,3,0,5,10,16,3,6,9,13,8,4,0,0,0,0,4,8,12,8,4,0,0,0,0,0,4,8,13,8,4,0,3,6,9,6,3,0,0,1,2,4,4,4,5,4,3,2,44,86,129,163,198,233,3,2,1,0,0,0,0,0,0,1,1,1,1,75,149,223,0,5,10,16,12,8,4,2,1,0,4,9,14,41,68,95,10,6,3,0,3,7,11,7,3,0,0,0,0,0,0,0,2,1,0,0,0,0,1,4,7,10,6,3,0,1,3,5,8,5,2,0,0,1,2,5,8,12,8,4,0,0,1,2,0,1,3,5,4,3,3,2,1,0,0,0,0,4,8,12,0,1,3,5,3,1,0,0,0,0,2,5,8,5,2,0,0,0,0,0,0,0,0,1,3,5,5,5,6,4,2,0,0,1,2,3,3,3,3,2,1,0,0,0,0,3,6,9,1,0,0,0,0,0,1,1,1,2,1,0,0,1,2,3,0,0,0,0,0,0,0,2,4,6,5,4,3,2,1,0,0,5,11,17,11,5,0,0,0,0,2,5,8,5,2,0
0,0,0,0,0,0,0,0,0,0,3,6,9,7,5,4,1,5,10,15,10,5,0,0,0,0,6,12,19,12,6,0,2,1,0,0,3,6,9,6,3,0,0,0,0,0,0,1,7,4,2,0,0,0,0,2,4,6,50,95,140,169,198,228,3,2,1,0,2,4,6,6,6,6,16,26,36,103,171,239,0,6,13,20,13,6,0,0,0,0,2,4,6,73,140,207,7,5,3,1,0,0,0,5,10,15,10,5,0,37,74,112,0,0,1,2,2,2,3,2,1,0,2,4,6,13,20,27,0,4,8,12,8,4,0,3,7,11,7,3,0,0,0,0,0,0,0,1,1,1,1,5,9,13,10,8,6,5,4,4,10,6,3,0,0,0,0,0,0,0,0,0,0,1,2,3,0,1,3,5,3,1,0,5,10,15,13,11,9,7,5,3,10,6,3,0,1,2,4,2,1,0,61,122,184,206,228,250,0,2,5,8,9,10,11,7,3,0,0,0,0,0,1,2,3,2,1,0,0,0,0,2,4,7,7,8,9,9,9,9,5,3,1,0,3,6,10,7,4,2,1,0,0,0,0,0
0,0,0,0,8,16,25,16,8,0,0,0,0,2,4,7,18,12,7,2,1,0,0,0,0,0,2,4,6,4,2,1,0,4,8,13,8,4,0,2,5,8,6,4,2,1,0,0,0,0,0,0,1,2,3,18,33,48,87,126,166,195,225,255,6,5,4,3,2,1,0,0,0,0,17,34,51,117,183,249,0,0,0,0,0,0,0,3,7,11,10,9,8,79,150,222,0,2,4,7,4,2,0,0,0,0,0,0,0,43,86,129,0,3,6,9,9,10,11,7,3,0,4,9,14,27,40,53,0,0,0,0,1,3,5,3,1,0,2,5,8,35,63,91,7,5,3,1,0,0,0,0,0,0,1,2,3,49,96,143,0,1,2,4,5,6,7,4,2,0,0,0,1,71,141,211,13,8,4,0,0,0,0,5,11,17,32,48,64,126,188,250,0,0,0,0,3,6,9,8,7,7,4,2,0,2,5,8,2,1,0,0,2,4,7,4,2,0,4,8,12,8,4,0,0,1,3,5,7,9,11,7,3,0,0,0,0,0,0,0,12,8,4,0,0,0,0,3,7,11,8,6,4,2,1,0
2,1,0,0,3,6,9,6,3,0,3,7,11,7,3,0,0,0,0,0,1,2,3,2,1,0,1,3,5,5,5,6,4,2,1,0,0,0,0,2,4,7,4,2,0,2,4,6,4,3,3,3,4,5,7,4,2,0,42,84,127,131,135,139,0,0,0,0,0,0,0,24,48,73,57,41,26,102,178,255,0,4,8,12,10,9,8,5,2,0,0,0,0,63,126,189,11,7,3,0,0,0,0,0,0,1,5,9,13,45,77,109,2,1,0,0,2,4,7,7,8,9,6,3,0,12,24,36,11,7,3,0,0,0,0,1,2,4,2,1,0,0,0,0,0,3,6,9,6,3,0,37,74,112,100,88,76,50,25,0,0,1,3,5,20,36,52,115,178,241,228,216,204,142,81,20,0,2,5,8,7,6,6,62,118,174,154,134,114,96,78,61,0,2,4,6,4,2,0,0,0,0,7,15,23,15,7,0,3,3,4,5,3,2,1,2,3,4,2,1,0,1,2,3,5,3,1,0,0,1,2,2,2,2,6,10,14,9,4,0,0,8,16,25,16,8,0,0,0,0,0,1,2,1,0,0
0,0,0,0,0,1,2,3,5,7,5,4,3,2,1,0,6,4,2,0,0,0,0,0,0,0,0,0,0,0,0,0,0,0,0,0,1,2,3,5,7,9,6,3,0,0,1,2,7,4,2,0,0,1,2,1,0,0,0,0,0,9,18,27,0,0,0,0,2,4,7,7,7,7,4,2,0,0,0,0,4,2,1,0,0,0,0,0,0,0,0,1,2,2,3,4,0,1,2,3,2,1,0,1,2,4,7,10,14,9,4,0,0,4,8,12,8,4,0,0,0,0,0,0,0,0,0,0,2,1,0,0,0,0,0,4,8,13,8,4,0,0,0,0,0,1,2,3,3,3,3,2,1,0,1,3,5,19,33,47,1,3,6,9,6,3,0,0,0,0,2,4,6,29,52,75,11,7,3,0,8,16,25,18,11,5,38,71,104,101,98,96,1,0,0,0,0,0,0,1,3,5,5,5,5,5,6,7,0,3,6,9,8,8,8,5,3,1,0,0,0,0,0,0,0,5,11,17,11,5,0,2,4,7,4,2,0,3,6,9,5,4,3,2,1,0,0,0,0,0,8,16,24,16,8,0
0,3,6,10,8,6,5,3,1,0,1,2,3,3,3,3,2,1,1,1,0,0,0,0,0,0,1,2,3,2,2,2,1,0,0,0,0,0,0,2,5,8,8,8,8,7,6,6,7,5,3,1,3,5,8,6,4,3,2,1,0,0,0,0,0,0,0,0,1,2,4,3,3,3,4,5,6,19,32,45,1,1,1,1,1,1,1,0,0,0,0,0,0,3,6,10,0,0,0,1,1,1,2,3,4,5,5,5,6,4,2,0,3,3,3,4,2,1,0,0,0,0,0,0,0,0,0,0,0,1,3,5,4,3,3,2,1,0,0,0,1,2,3,4,10,7,4,2,1,0,0,2,5,8,6,4,3,33,63,94,1,0,0,0,9,18,27,18,9,0,30,60,90,97,104,112,0,5,10,15,10,5,0,0,0,0,7,14,21,14,7,0,0,5,11,17,11,5,0,5,10,15,10,5,0,0,0,0,13,8,4,0,3,7,11,7,3,0,1,3,5,3,1,0,0,0,0,0,3,6,10,7,4,2,1,0,0,0,0,0,2,3,5,7,4,2,0,0,0,0,0,0,0,1,3,5
0,0,0,1,0,0,0,0,0,0,0,0,0,0,0,0,5,3,2,1,0,0,0,1,3,5,3,1,0,0,0,0,0,0,0,0,0,0,0,1,2,4,7,10,14,12,11,10,10,11,12,14,9,4,0,0,0,0,19,38,57,84,111,138,0,0,1,2,1,0,0,0,0,0,29,58,88,121,154,187,0,0,0,0,1,3,5,3,1,0,3,6,10,9,9,9,12,8,4,0,2,5,8,6,4,2,1,0,0,0,0,0,4,2,1,0,1,2,3,2,1,1,1,1,2,1,0,0,1,1,1,1,1,1,1,0,0,0,3,7,11,15,19,24,7,4,2,0,3,6,9,6,4,2,1,0,0,51,102,154,0,0,0,0,0,0,0,3,6,9,26,44,62,126,190,255,4,6,8,10,6,3,0,2,4,6,52,98,145,181,218,255,0,0,0,0,0,0,1,0,0,0,5,10,15,11,7,4,7,5,3,2,1,0,0,2,4,7,4,2,0,0,0,0,0,0,0,0,0,0,0,2,4,6,6,6,7,5,4,3,9,6,3,0,5,10,16,10,5,0,0,0,0,2,4,6
8,5,2,0,0,0,0,2,4,6,4,2,0,0,0,0,0,0,0,0,3,6,10,6,3,0,0,0,0,1,2,3,4,2,1,0,0,0,0,0,0,0,1,3,5,7,9,12,3,2,1,0,0,0,0,2,4,6,4,3,2,1,0,0,0,2,4,6,4,2,0,2,4,7,4,2,0,13,26,39,0,3,7,11,7,3,0,0,0,0,1,2,4,25,47,69,0,1,3,5,3,1,0,0,0,0,0,1,2,1,1,1,6,4,2,0,1,3,5,3,1,0,3,6,9,6,3,0,0,2,4,6,4,2,0,0,1,2,3,4,5,4,4,4,0,2,5,8,5,2,0,5,10,16,10,5,0,24,49,74,4,2,1,0,0,0,0,0,0,0,0,0,1,48,95,143,0,0,0,0,2,4,7,4,2,0,0,1,2,1,0,0,0,3,6,9,6,3,0,1,3,5,6,8,10,6,3,0,0,0,1,2,1,0,0,0,0,0,0,0,0,0,0,0,0,0,0,0,5,10,16,10,5,0,0,0,0,3,7,11,1,0,0,0,0,0,0,2,4,7,4,2,0,0,0,0
3,7,11,16,10,5,0,0,0,1,0,0,0,0,0,0,0,0,0,0,0,0,0,3,6,9,6,3,0,1,2,3,13,11,9,7,4,2,0,2,4,6,4,2,0,1,3,5,0,0,0,0,0,0,0,1,2,3,6,10,14,33,52,72,6,6,6,6,4,2,0,1,2,3,26,49,72,120,169,218,0,1,3,5,4,3,3,2,1,0,0,0,0,16,32,48,0,0,0,0,2,5,8,7,6,6,4,2,1,2,3,4,13,8,4,0,0,0,0,0,1,2,1,0,0,0,0,0,0,0,1,2,1,0,0,0,1,2,1,0,0,9,18,27,0,1,3,5,8,12,16,12,8,4,2,1,0,54,108,163,7,4,2,0,0,0,0,7,15,23,48,73,98,147,196,245,6,4,3,2,1,0,0,0,0,1,55,109,164,194,224,255,0,0,0,0,1,2,4,2,1,0,4,8,12,10,9,8,10,6,3,0,0,0,0,4,8,13,8,4,0,0,0,0,0,2,5,8,6,4,2,1,0,0,0,0,0,4,8,13,11,7,3,0,4,8,12,8,4,0,0,0,1,0,0,0
2,1,0,0,0,0,0,2,4,7,4,2,0,0,0,0,8,5,2,0,0,0,0,0,0,0,0,0,0,4,8,12,0,0,0,0,3,6,9,6,3,0,0,0,0,0,1,2,7,4,2,0,0,0,0,0,0,1,1,1,2,1,0,0,0,2,4,6,4,2,0,4,8,12,8,4,0,7,14,21,0,6,13,20,13,6,0,0,0,0,0,0,0,24,48,72,0,0,0,1,0,0,0,0,0,0,4,9,14,12,11,10,0,0,0,0,3,6,10,6,3,0,0,1,2,1,0,0,0,8,16,24,16,8,0,0,0,1,0,0,0,0,0,0,0,0,0,0,2,4,6,8,10,13,8,4,0,28,56,85,4,2,1,0,0,0,0,0,0,0,1,2,3,47,91,135,0,6,12,18,13,9,5,3,2,1,0,0,0,0,0,0,0,0,1,2,1,0,0,0,0,0,1,2,3,4,6,8,3,2,1,0,0,0,0,1,2,4,2,1,0,0,0,0,1,0,0,0,0,1,2,2,3,4,4,5,6,4,2,0,0,0,0,0,2,5,8,5,2,0,0,0,0,2,4,7
0,2,4,7,4,2,0,0,0,0,0,1,2,1,0,0,0,0,0,0,0,0,0,0,1,2,1,0,0,0,0,0,1,0,0,0,1,2,3,2,1,1,0,0,0,1,3,5,5,3,1,0,0,1,2,3,4,5,15,25,35,53,72,91,1,0,0,0,0,0,0,2,4,6,26,46,67,96,125,154,14,10,7,4,3,3,3,2,1,0,0,0,0,6,12,18,0,0,0,0,3,6,9,6,3,1,3,5,8,5,2,0,4,2,1,0,2,5,8,5,2,0,0,0,1,0,0,0,0,2,4,7,4,2,0,0,0,0,4,8,12,12,12,13,6,4,2,0,0,0,0,0,0,1,0,0,0,28,56,84,0,3,7,11,7,3,0,6,12,19,23,27,31,105,180,255,10,6,3,0,3,7,11,7,3,0,47,94,142,179,217,255,9,8,7,7,4,2,0,1,3,5,3,1,0,0,0,0,0,0,0,0,2,4,7,4,2,0,0,0,0,4,8,12,15,10,5,0,0,0,0,2,4,6,4,2,0,0,0,0,0,3,6,10,7,4,2,1,0,0,4,9,14,9,4,0
6,4,2,0,0,0,0,0,0,0,0,1,2,3,4,5,0,4,8,13,12,11,10,6,3,0,0,0,0,0,0,0,0,1,3,5,3,2,1,0,0,0,5,10,15,14,14,14,18,12,6,0,0,0,0,0,0,0,0,0,0,0,0,0,3,2,1,0,3,6,10,11,12,14,9,4,0,6,12,19,3,2,1,0,0,1,2,1,0,0,0,0,0,27,54,82,0,1,2,4,4,4,4,2,1,0,0,0,0,0,0,0,0,1,3,5,3,1,0,0,0,0,5,10,16,10,5,0,9,6,3,0,3,6,10,8,7,6,4,2,0,5,10,15,0,4,9,14,9,4,0,3,6,10,6,3,0,5,11,17,8,5,2,0,0,0,0,1,2,4,3,3,3,46,89,133,0,2,4,6,4,2,0,4,8,12,8,4,0,0,0,0,4,2,1,0,0,0,0,0,0,0,4,9,14,9,4,0,11,7,3,0,5,10,16,10,5,0,0,0,0,4,8,13,0,4,8,12,8,4,0,2,5,8,5,2,0,0,0,0,7,4,2,0,4,8,12,8,4,0,0,0,0,0,0,0
0,0,1,2,2,2,3,2,1,0,0,0,0,4,9,14,8,6,4,3,2,1,0,0,0,0,0,0,0,3,6,9,0,0,0,0,2,4,7,8,9,11,9,8,7,4,2,0,14,9,4,0,0,0,0,0,0,0,0,0,1,0,0,0,0,1,2,3,5,8,11,7,3,0,0,0,0,7,14,21,1,0,0,0,0,0,0,2,4,6,5,5,5,3,1,0,1,0,0,0,0,0,0,0,0,1,0,0,0,1,2,3,2,2,2,3,2,1,1,0,0,0,0,0,0,3,6,9,5,4,3,2,1,0,0,1,2,4,2,1,0,0,0,1,0,2,4,6,4,2,0,0,1,2,1,1,1,10,19,28,0,2,4,7,5,4,3,2,1,0,12,24,36,91,146,201,0,0,0,0,0,0,0,2,4,6,66,127,188,201,214,227,19,16,13,10,6,3,0,0,0,0,0,0,0,3,6,10,0,0,0,0,2,4,7,6,5,4,3,2,2,1,1,1,31,20,10,0,3,6,10,9,8,8,5,2,0,0,0,0,0,4,8,12,8,4,0,3,6,9,7,5,4,2,1,0
6,4,2,0,1,2,4,2,1,0,0,1,2,1,0,0,0,0,0,0,1,3,5,3,2,1,1,2,3,3,3,4,9,7,5,4,2,1,0,0,0,0,0,0,0,3,6,9,0,0,0,1,0,0,0,3,7,11,8,5,2,2,2,2,3,2,1,0,0,0,0,1,3,5,3,1,0,0,0,0,0,0,0,0,2,5,8,6,4,3,2,1,0,6,12,19,14,9,4,0,0,0,0,0,0,0,2,4,7,4,2,0,0,0,0,1,5,9,13,8,4,0,0,0,0,2,4,6,0,2,5,8,5,2,0,0,0,0,3,6,10,13,16,19,0,0,0,0,0,0,0,6,12,19,12,6,0,63,126,189,14,9,4,0,5,10,16,10,5,0,0,0,0,8,16,25,0,0,0,0,0,0,0,1,2,3,9,16,23,15,7,0,0,0,0,0,2,5,8,5,2,0,0,0,0,5,10,15,4,2,1,0,8,17,26,17,8,0,0,0,0,0,0,0,10,7,4,2,1,0,0,3,6,10,6,3,0,0,0,0,0,1,2,3,3,3,4,2,1,0,1,2,4,6,8,10
0,2,4,7,4,2,0,0,0,0,0,0,0,0,1,2,5,3,1,0,0,0,0,0,0,1,3,6,9,6,3,0,0,0,0,0,0,0,1,3,5,8,9,11,13,9,5,1,0,1,2,3,2,1,0,0,0,0,19,39,59,84,109,134,7,6,6,6,4,2,0,5,10,15,51,88,125,161,197,233,0,0,0,0,0,0,0,0,0,0,3,6,9,10,11,13,2,1,0,0,4,8,12,8,4,1,0,0,0,0,0,0,4,2,1,0,2,4,6,4,2,0,0,0,0,2,4,6,0,3,6,10,6,3,0,0,0,0,0,0,0,14,28,42,0,0,0,0,2,4,6,7,9,11,7,3,0,56,113,170,13,8,4,0,0,0,0,2,4,6,32,58,85,141,198,255,0,0,0,0,0,0,0,3,6,9,62,116,170,197,224,252,7,7,7,8,8,8,9,6,3,0,3,6,10,8,6,4,0,1,2,3,2,1,1,3,6,9,6,3,0,1,2,3,3,4,5,7,4,2,0,1,2,4,2,1,0,4,9,14,4,2,1,0,4,8,13,8,4,0,0,1,2,3,4,5
4,3,2,1,0,0,0,2,4,6,4,2,1,0,0,0,0,0,0,1,1,2,3,3,3,3,3,3,3,2,1,1,5,3,1,0,0,0,0,0,0,0,1,2,4,5,6,8,5,3,1,0,0,0,0,4,8,12,8,4,1,1,1,2,2,3,4,6,4,2,0,2,4,6,4,2,0,14,28,43,0,0,1,2,1,0,0,0,0,1,7,13,19,49,79,110,6,6,6,7,7,7,8,5,2,0,0,0,0,0,0,0,3,2,1,0,4,8,12,8,4,0,4,9,14,9,4,0,0,4,8,12,8,4,0,0,0,0,4,9,14,9,4,0,0,0,0,0,1,3,5,6,7,8,5,2,0,30,61,92,19,12,6,0,0,0,0,3,7,11,7,3,0,50,100,150,0,0,0,0,0,0,0,3,6,9,6,3,0,4,8,13,0,5,11,17,15,13,11,7,3,0,0,0,1,3,5,8,0,0,0,0,0,0,0,0,0,0,1,3,5,4,3,2,18,12,6,0,0,0,0,2,4,6,4,2,1,0,0,0,0,3,6,9,7,5,3,2,1,0,0,0,0,0,0,0
1,2,3,5,3,1,0,0,0,0,1,2,3,2,1,0,0,0,0,0,1,2,4,4,5,6,4,2,0,0,0,0,13,9,5,2,1,0,0,0,0,0,0,0,0,2,4,6,0,0,0,0,0,0,0,3,7,11,26,42,58,81,104,127,4,5,6,7,9,11,13,8,4,0,0,0,0,8,16,24,0,0,0,0,4,8,13,8,4,0,0,0,0,4,8,13,4,2,1,0,0,1,2,1,0,0,1,3,5,3,1,0,5,3,1,0,2,4,6,4,2,0,1,3,5,3,1,0,0,0,0,1,0,0,0,1,2,4,2,1,0,0,0,1,0,0,1,2,3,5,7,6,5,5,7,10,13,25,37,49,6,6,7,8,5,2,0,0,0,0,0,0,0,61,123,185,0,0,0,0,6,13,20,13,6,0,47,95,143,163,183,204,4,2,1,0,0,0,0,0,0,0,0,0,0,0,0,0,0,0,0,0,4,9,14,12,11,10,6,3,0,3,6,9,0,8,16,25,16,8,0,0,0,0,8,16,24,16,8,0,10,6,3,0,6,12,18,12,6,0,0,0,0,0,0,0
3,2,1,1,1,2,3,2,1,0,0,0,0,3,7,11,1,0,0,0,1,3,5,3,1,0,0,0,1,0,0,0,1,0,0,0,0,0,0,4,8,12,12,12,12,8,5,2,11,9,7,6,4,2,0,0,0,1,0,0,0,0,0,0,0,1,3,5,4,3,2,4,6,9,7,5,4,13,23,33,2,3,4,5,3,1,0,0,0,0,0,0,0,4,8,12,3,2,1,0,0,0,0,0,0,0,2,5,8,8,8,8,0,0,0,0,4,8,12,9,6,3,2,1,0,0,0,0,6,4,2,0,0,0,1,0,0,0,1,2,4,2,1,0,0,5,11,17,11,5,0,3,6,9,6,4,2,2,2,3,11,7,3,0,2,5,8,5,2,0,0,0,0,34,68,103,0,0,0,0,2,5,8,10,12,15,11,7,4,8,12,17,4,4,4,4,2,1,0,0,0,0,2,4,7,4,2,0,0,0,0,0,1,2,3,2,1,1,0,0,0,3,7,11,0,7,15,23,15,7,0,6,12,18,12,6,0,0,0,0,10,6,3,0,2,5,8,5,2,0,0,0,0,3,6,10
0,0,0,0,3,6,10,9,8,7,4,2,0,0,0,0,1,2,4,6,4,2,0,0,0,0,5,10,16,10,5,0,0,0,0,0,1,2,4,5,6,8,5,2,0,0,0,0,9,6,3,0,3,6,9,7,5,4,3,2,2,42,82,122,1,4,8,12,8,4,0,0,0,0,22,44,67,129,192,255,0,0,1,2,1,0,0,1,3,5,22,39,56,109,162,216,1,0,0,0,0,0,0,2,4,6,4,2,0,25,51,77,0,5,10,16,10,5,0,0,0,0,3,6,10,8,6,5,7,4,2,0,0,0,0,0,0,0,2,4,6,4,3,2,0,1,2,3,3,3,3,5,8,11,7,3,0,19,39,59,9,9,9,10,6,3,0,0,0,0,11,22,34,97,161,225,0,0,0,0,2,5,8,8,8,9,24,40,56,111,167,223,6,4,2,0,6,12,19,12,6,0,0,1,2,1,0,0,5,3,1,0,0,0,0,0,0,0,3,6,10,6,3,0,0,1,2,4,4,5,6,4,3,2,1,0,0,6,12,19,7,4,2,0,2,5,8,6,4,2,1,0,0,0,0,0
11,7,3,0,1,2,4,4,5,6,4,2,0,0,0,0,0,2,5,8,5,2,0,0,0,0,1,2,3,2,1,0,27,18,9,0,0,0,0,2,5,8,7,6,5,3,1,0,0,0,0,0,7,14,21,14,7,0,0,0,0,3,6,10,8,11,14,18,12,6,0,0,0,0,0,0,1,0,0,0,0,0,0,1,0,0,0,4,8,12,8,4,0,19,39,59,0,1,2,4,2,1,0,5,10,16,13,10,7,37,67,97,0,1,2,3,2,1,0,0,0,0,0,0,1,3,5,8,0,0,0,0,2,4,7,4,2,0,5,11,17,13,10,7,9,10,11,13,8,4,0,2,4,7,4,2,0,16,32,48,0,0,0,0,0,0,0,3,6,9,9,9,9,40,71,103,6,4,2,0,6,12,18,12,6,0,0,0,0,6,12,18,0,0,0,0,1,3,5,4,4,4,2,1,0,0,0,0,3,3,4,5,3,1,0,2,4,7,4,2,0,0,0,0,3,2,1,0,0,0,0,0,0,0,3,7,11,8,5,3,0,0,0,0,2,5,8,6,4,2,1,0,0,0,0,1
0,0,0,0,1,2,4,2,1,0,0,0,1,2,4,6,0,3,6,10,9,9,9,11,13,15,10,5,0,0,0,0,8,5,2,0,0,0,0,0,0,0,0,0,0,3,7,11,0,5,10,15,10,5,0,5,11,17,15,13,12,91,171,251,16,10,5,0,0,0,0,2,4,6,4,2,0,3,6,10,0,8,17,26,17,8,0,0,0,0,0,0,0,0,0,0,0,1,2,3,2,2,2,1,0,0,8,16,24,16,8,0,4,2,1,0,1,2,4,5,6,8,5,2,0,5,10,16,0,4,8,13,8,4,0,2,4,6,4,3,2,1,0,0,0,3,6,10,8,7,6,4,2,0,0,0,0,8,16,24,4,4,5,6,4,2,0,0,0,0,7,15,23,71,119,168,0,0,0,0,0,0,0,0,0,0,16,32,48,117,186,255,2,2,2,2,6,10,14,13,12,11,7,3,0,0,0,0,1,0,0,0,0,0,0,0,0,1,4,7,11,7,3,0,0,3,6,10,7,4,2,1,0,0,0,0,0,1,3,5,0,0,0,0,0,0,0,1,2,3,6,9,13,8,4,0
8,5,2,0,2,4,7,6,5,4,2,1,0,3,7,11,3,2,1,0,2,4,7,5,4,3,2,1,0,0,0,0,0,1,3,5,3,1,0,0,0,0,3,6,10,7,5,3,0,3,7,11,7,3,0,0,0,0,0,0,0,0,0,0,0,0,0,0,0,0,0,0,1,2,7,12,18,47,77,107,6,4,2,1,1,2,3,2,1,0,0,0,0,0,0,0,0,0,0,0,0,0,0,1,2,4,7,10,13,8,4,0,2,5,8,11,8,5,3,2,1,0,1,3,5,3,1,0,0,0,0,0,1,3,5,5,5,5,3,1,0,3,6,9,9,10,11,12,8,4,0,0,0,0,3,7,11,11,11,11,0,0,0,0,1,2,4,6,8,11,7,3,0,47,95,143,1,0,0,0,2,4,6,4,3,2,1,0,0,0,0,0,11,7,4,1,0,0,0,0,0,0,6,13,20,13,6,0,0,1,2,4,2,1,0,6,12,18,12,6,0,2,5,8,1,3,6,9,6,3,0,0,0,0,0,1,2,1,0,0,8,5,2,0,3,6,9,9,10,11,7,3,0,3,7,11
0,0,0,0,0,0,0,0,0,0,0,0,1,2,3,4,14,9,4,0,2,5,8,5,2,0,2,4,6,4,2,0,0,5,10,16,12,9,6,4,2,0,0,0,0,0,0,0,14,9,4,0,0,0,0,4,9,14,58,103,148,166,185,204,0,0,0,0,1,3,5,3,1,0,44,88,132,88,44,0,9,9,10,11,8,5,2,5,8,11,10,9,9,6,3,0,0,0,0,1,3,5,7,4,2,0,7,14,21,18,15,13,5,8,11,15,10,5,0,3,7,11,7,3,0,41,82,124,1,1,1,2,1,0,0,4,8,12,26,40,54,119,185,251,13,8,4,0,1,2,4,7,10,13,87,161,236,242,248,255,0,2,4,6,4,2,0,59,118,177,202,228,254,240,227,214,0,1,2,3,40,77,114,156,198,241,245,250,255,215,175,135,11,7,3,0,1,2,4,6,9,12,8,4,0,0,0,0,0,0,1,2,1,0,0,0,0,0,0,0,0,4,8,13,0,4,8,13,9,6,3,6,10,14,9,4,0,0,0,0,4,2,1,0,1,2,3,2,2,2,1,0,0,0,0,0
1,0,0,0,0,1,2,1,0,0,0,0,0,1,3,5,0,0,0,0,1,3,5,3,1,0,1,3,5,3,1,0,0,0,0,0,1,2,4,2,1,0,2,4,7,4,2,0,11,7,3,0,0,0,0,0,0,0,0,0,0,2,4,6,0,0,0,0,3,6,10,10,10,10,16,22,29,57,86,115,7,4,2,0,0,0,0,0,0,0,24,49,74,134,194,255,0,0,1,2,3,5,7,6,6,6,27,48,70,96,122,148,3,2,1,0,0,0,0,0,0,0,12,24,36,28,21,14,0,4,9,14,9,4,0,0,0,0,15,30,46,82,119,156,0,0,0,0,2,5,8,25,42,60,81,102,123,141,160,179,3,2,1,0,0,0,0,1,2,3,2,1,0,0,0,0,0,2,4,7,7,7,8,5,2,0,0,0,0,1,2,3,0,0,0,0,0,0,0,1,2,3,5,7,9,6,3,1,9,6,3,0,0,0,0,3,6,9,8,7,6,4,2,0,0,1,2,3,3,4,5,3,1,0,0,0,0,0,0,1,3,2,1,0,0,0,0,0,0,0,0,1,2,2,2,3
